{ "a1_0" : 90.39339971612965,
  "a1_1" : 2.2849291229623456,
  "b1_0" : 0.29423683309593507,
  "b1_1" : 2.9978018314611465,
  "a2_0" : 1366.423897098745,
  "a2_1" : 0.11391835928083194,
  "b2_0" : 13.066198072691815,
  "b2_1" : 4.623127561876454,
  "a3_0" : 209.8961856445253,
  "a3_1" : 0.7430204468846605,
  "b3_0" : 6.383647059557771,
  "b3_1" : 0.45689907437322064,
  "bh_0" : 8.684505595794555,
  "bh_1" : 19.226613601094396, 
  "bh_2" : 1.794049599503972,
  "ah_0" : 0.8538399272171266,
  "ah_1" : 2691.3641216829583,
  "ah_2" : 1.3332396980867474,
  "vShift" : 21.86656933725461,
  "vShift_inact" :  -14.069003545711649
}
