{
"C1C2b2"	:	76.44394422
"C1C2v2"	:	365.6516397
"C1C2k2"	:	-9.497623182
"C2C1b1"	:	45.14948316
"C2C1v1"	:	-73.06806823
"C2C1k1"	:	93.6018236
"C2C1b2"	:	118.4128674
"C2C1v2"	:	-196.7221083
"C2C1k2"	:	38.41411063
"C2O1b2"	:	169.1063453
"C2O1v2"	:	67.07756108
"C2O1k2"	:	-76.05212828
"O1C2b1"	:	146.6472449
"O1C2v1"	:	-178.5994634
"O1C2k1"	:	36.44001667
"O1C2b2"	:	145.3220276
"O1C2v2"	:	-68.00554953
"O1C2k2"	:	87.22389765
"C2O2b2"	:	152.8811434
"C2O2v2"	:	53.68039466
"C2O2k2"	:	105.6658235
"O2C2b1"	:	48.27508669
"O2C2v1"	:	-129.6187885
"O2C2k1"	:	62.65342017
"O2C2b2"	:	0.487319717
"O2C2v2"	:	-92.15638468
"O2C2k2"	:	-4.116536206
"O1I1b1"	:	69.69696138
"O1I1v1"	:	-63.08410934
"O1I1k1"	:	65.78513468
"O1I1b2"	:	60.44905686
"O1I1v2"	:	-45.3508332
"O1I1k2"	:	119.2937159
"I1O1b1"	:	228.1944063
"I1O1v1"	:	-157.2439541
"I1O1k1"	:	185.9802877
"I1C1b1"	:	286.7019912
"I1C1v1"	:	-26.63047919
"I1C1k1"	:	7.159649692
"C1I1b2"	:	139.4677195
"C1I1v2"	:	13.20330977
"C1I1k2"	:	-9.114219489
"I1I2b2"	:	20.43064332
"I1I2v2"	:	81.84365191
"I1I2k2"	:	64.31164078
"I2I1b1"	:	0.15692813
"I2I1v1"	:	-165.8099756
"I2I1k1"	:	56.4936752
}