{ 
"a1_0"	:	90.05815365,
"a1_1"	:	0.05742318213,
"b1_0"	:	0.04410879535,
"b1_1"	:	0.141607071,
"a2_0"	:	81.04445303,
"a2_1"	:	0.004729608218,
"b2_0"	:	2.150498261,
"b2_1"	:	0.1860254072,
"a3_0"	:	204.4934202,
"a3_1"	:	0.272371961,
"b3_0"	:	3.650456402,
"b3_1"	:	0.1483735293,
"bh_0"	:	2.452013405,
"bh_1"	:	0.208121179,
"bh_2"	:	0.1353464303,
"ah_0"	:	2.766601886,
"ah_1"	:	720.1849769,
"ah_2"	:	0.01855798264,
"vShift"	:	-8.897389859,
"vShift_inact"	:	-4.377120839,
"maxrate"	:	15089.93451,
"ahfactor"	:	4.601811834,
"bhfactor"	:	1.227101672
}
[216.99883950612517, 0.05576060885036871, 0.01371784288792034, 0.04279158571390052, 63.70825813348998, 0.11063382663930543, 0.11317276315298368, 0.04771148705705589, 135.83156728113707, 0.06944587946500004, 2.700973873403424, 0.058320262154256314, 2.4233831848120784, 0.5658207493677012, 0.06203146703305443, 1.365792030649262, 779.8631003525333, 0.03887687236104174, 3.0532858513837424, 29.90972562832921, 9910.394211993043, 1.7591294409300924, 4.888740127234034]


