0.000000000000000000e+00
0.000000000000000000e+00
0.000000000000000000e+00
0.000000000000000000e+00
0.000000000000000000e+00
0.000000000000000000e+00
0.000000000000000000e+00
0.000000000000000000e+00
0.000000000000000000e+00
0.000000000000000000e+00
0.000000000000000000e+00
0.000000000000000000e+00
0.000000000000000000e+00
0.000000000000000000e+00
0.000000000000000000e+00
0.000000000000000000e+00
0.000000000000000000e+00
0.000000000000000000e+00
0.000000000000000000e+00
0.000000000000000000e+00
0.000000000000000000e+00
0.000000000000000000e+00
0.000000000000000000e+00
0.000000000000000000e+00
0.000000000000000000e+00
0.000000000000000000e+00
0.000000000000000000e+00
0.000000000000000000e+00
0.000000000000000000e+00
0.000000000000000000e+00
0.000000000000000000e+00
0.000000000000000000e+00
0.000000000000000000e+00
0.000000000000000000e+00
0.000000000000000000e+00
0.000000000000000000e+00
0.000000000000000000e+00
0.000000000000000000e+00
0.000000000000000000e+00
0.000000000000000000e+00
0.000000000000000000e+00
0.000000000000000000e+00
0.000000000000000000e+00
0.000000000000000000e+00
0.000000000000000000e+00
0.000000000000000000e+00
0.000000000000000000e+00
0.000000000000000000e+00
0.000000000000000000e+00
0.000000000000000000e+00
0.000000000000000000e+00
0.000000000000000000e+00
0.000000000000000000e+00
0.000000000000000000e+00
0.000000000000000000e+00
0.000000000000000000e+00
0.000000000000000000e+00
0.000000000000000000e+00
0.000000000000000000e+00
0.000000000000000000e+00
0.000000000000000000e+00
0.000000000000000000e+00
0.000000000000000000e+00
0.000000000000000000e+00
0.000000000000000000e+00
0.000000000000000000e+00
0.000000000000000000e+00
0.000000000000000000e+00
0.000000000000000000e+00
0.000000000000000000e+00
0.000000000000000000e+00
0.000000000000000000e+00
0.000000000000000000e+00
0.000000000000000000e+00
0.000000000000000000e+00
0.000000000000000000e+00
0.000000000000000000e+00
0.000000000000000000e+00
0.000000000000000000e+00
0.000000000000000000e+00
0.000000000000000000e+00
0.000000000000000000e+00
0.000000000000000000e+00
0.000000000000000000e+00
0.000000000000000000e+00
0.000000000000000000e+00
0.000000000000000000e+00
0.000000000000000000e+00
0.000000000000000000e+00
0.000000000000000000e+00
0.000000000000000000e+00
0.000000000000000000e+00
0.000000000000000000e+00
0.000000000000000000e+00
0.000000000000000000e+00
0.000000000000000000e+00
0.000000000000000000e+00
0.000000000000000000e+00
0.000000000000000000e+00
0.000000000000000000e+00
0.000000000000000000e+00
0.000000000000000000e+00
0.000000000000000000e+00
0.000000000000000000e+00
0.000000000000000000e+00
0.000000000000000000e+00
0.000000000000000000e+00
0.000000000000000000e+00
0.000000000000000000e+00
0.000000000000000000e+00
0.000000000000000000e+00
0.000000000000000000e+00
0.000000000000000000e+00
0.000000000000000000e+00
0.000000000000000000e+00
0.000000000000000000e+00
0.000000000000000000e+00
0.000000000000000000e+00
0.000000000000000000e+00
0.000000000000000000e+00
0.000000000000000000e+00
0.000000000000000000e+00
0.000000000000000000e+00
0.000000000000000000e+00
0.000000000000000000e+00
0.000000000000000000e+00
0.000000000000000000e+00
0.000000000000000000e+00
0.000000000000000000e+00
0.000000000000000000e+00
0.000000000000000000e+00
0.000000000000000000e+00
0.000000000000000000e+00
0.000000000000000000e+00
0.000000000000000000e+00
0.000000000000000000e+00
0.000000000000000000e+00
0.000000000000000000e+00
0.000000000000000000e+00
0.000000000000000000e+00
0.000000000000000000e+00
0.000000000000000000e+00
0.000000000000000000e+00
0.000000000000000000e+00
0.000000000000000000e+00
0.000000000000000000e+00
0.000000000000000000e+00
0.000000000000000000e+00
0.000000000000000000e+00
0.000000000000000000e+00
0.000000000000000000e+00
0.000000000000000000e+00
0.000000000000000000e+00
0.000000000000000000e+00
0.000000000000000000e+00
0.000000000000000000e+00
0.000000000000000000e+00
0.000000000000000000e+00
0.000000000000000000e+00
0.000000000000000000e+00
0.000000000000000000e+00
0.000000000000000000e+00
0.000000000000000000e+00
0.000000000000000000e+00
0.000000000000000000e+00
0.000000000000000000e+00
0.000000000000000000e+00
0.000000000000000000e+00
0.000000000000000000e+00
0.000000000000000000e+00
0.000000000000000000e+00
0.000000000000000000e+00
0.000000000000000000e+00
0.000000000000000000e+00
0.000000000000000000e+00
0.000000000000000000e+00
0.000000000000000000e+00
0.000000000000000000e+00
0.000000000000000000e+00
0.000000000000000000e+00
0.000000000000000000e+00
0.000000000000000000e+00
0.000000000000000000e+00
0.000000000000000000e+00
0.000000000000000000e+00
0.000000000000000000e+00
0.000000000000000000e+00
0.000000000000000000e+00
0.000000000000000000e+00
0.000000000000000000e+00
0.000000000000000000e+00
0.000000000000000000e+00
0.000000000000000000e+00
0.000000000000000000e+00
0.000000000000000000e+00
0.000000000000000000e+00
0.000000000000000000e+00
0.000000000000000000e+00
0.000000000000000000e+00
0.000000000000000000e+00
0.000000000000000000e+00
0.000000000000000000e+00
0.000000000000000000e+00
0.000000000000000000e+00
0.000000000000000000e+00
0.000000000000000000e+00
0.000000000000000000e+00
0.000000000000000000e+00
0.000000000000000000e+00
0.000000000000000000e+00
0.000000000000000000e+00
0.000000000000000000e+00
0.000000000000000000e+00
0.000000000000000000e+00
0.000000000000000000e+00
0.000000000000000000e+00
0.000000000000000000e+00
0.000000000000000000e+00
0.000000000000000000e+00
0.000000000000000000e+00
0.000000000000000000e+00
0.000000000000000000e+00
0.000000000000000000e+00
0.000000000000000000e+00
0.000000000000000000e+00
0.000000000000000000e+00
0.000000000000000000e+00
0.000000000000000000e+00
0.000000000000000000e+00
0.000000000000000000e+00
0.000000000000000000e+00
0.000000000000000000e+00
0.000000000000000000e+00
0.000000000000000000e+00
0.000000000000000000e+00
0.000000000000000000e+00
0.000000000000000000e+00
0.000000000000000000e+00
0.000000000000000000e+00
0.000000000000000000e+00
0.000000000000000000e+00
0.000000000000000000e+00
0.000000000000000000e+00
0.000000000000000000e+00
0.000000000000000000e+00
0.000000000000000000e+00
0.000000000000000000e+00
0.000000000000000000e+00
0.000000000000000000e+00
0.000000000000000000e+00
0.000000000000000000e+00
0.000000000000000000e+00
0.000000000000000000e+00
0.000000000000000000e+00
0.000000000000000000e+00
0.000000000000000000e+00
0.000000000000000000e+00
0.000000000000000000e+00
0.000000000000000000e+00
0.000000000000000000e+00
0.000000000000000000e+00
0.000000000000000000e+00
0.000000000000000000e+00
0.000000000000000000e+00
0.000000000000000000e+00
0.000000000000000000e+00
0.000000000000000000e+00
0.000000000000000000e+00
0.000000000000000000e+00
0.000000000000000000e+00
0.000000000000000000e+00
0.000000000000000000e+00
0.000000000000000000e+00
0.000000000000000000e+00
0.000000000000000000e+00
0.000000000000000000e+00
0.000000000000000000e+00
0.000000000000000000e+00
0.000000000000000000e+00
0.000000000000000000e+00
0.000000000000000000e+00
0.000000000000000000e+00
0.000000000000000000e+00
0.000000000000000000e+00
0.000000000000000000e+00
0.000000000000000000e+00
0.000000000000000000e+00
0.000000000000000000e+00
0.000000000000000000e+00
0.000000000000000000e+00
0.000000000000000000e+00
0.000000000000000000e+00
0.000000000000000000e+00
0.000000000000000000e+00
0.000000000000000000e+00
0.000000000000000000e+00
0.000000000000000000e+00
0.000000000000000000e+00
0.000000000000000000e+00
0.000000000000000000e+00
0.000000000000000000e+00
0.000000000000000000e+00
0.000000000000000000e+00
0.000000000000000000e+00
0.000000000000000000e+00
0.000000000000000000e+00
0.000000000000000000e+00
0.000000000000000000e+00
0.000000000000000000e+00
0.000000000000000000e+00
0.000000000000000000e+00
0.000000000000000000e+00
0.000000000000000000e+00
0.000000000000000000e+00
0.000000000000000000e+00
0.000000000000000000e+00
0.000000000000000000e+00
0.000000000000000000e+00
0.000000000000000000e+00
0.000000000000000000e+00
0.000000000000000000e+00
0.000000000000000000e+00
0.000000000000000000e+00
0.000000000000000000e+00
0.000000000000000000e+00
0.000000000000000000e+00
0.000000000000000000e+00
0.000000000000000000e+00
0.000000000000000000e+00
0.000000000000000000e+00
0.000000000000000000e+00
0.000000000000000000e+00
0.000000000000000000e+00
0.000000000000000000e+00
0.000000000000000000e+00
0.000000000000000000e+00
0.000000000000000000e+00
0.000000000000000000e+00
0.000000000000000000e+00
0.000000000000000000e+00
0.000000000000000000e+00
0.000000000000000000e+00
0.000000000000000000e+00
0.000000000000000000e+00
0.000000000000000000e+00
0.000000000000000000e+00
0.000000000000000000e+00
0.000000000000000000e+00
0.000000000000000000e+00
0.000000000000000000e+00
0.000000000000000000e+00
0.000000000000000000e+00
0.000000000000000000e+00
0.000000000000000000e+00
0.000000000000000000e+00
0.000000000000000000e+00
0.000000000000000000e+00
0.000000000000000000e+00
0.000000000000000000e+00
0.000000000000000000e+00
0.000000000000000000e+00
0.000000000000000000e+00
0.000000000000000000e+00
0.000000000000000000e+00
0.000000000000000000e+00
0.000000000000000000e+00
0.000000000000000000e+00
0.000000000000000000e+00
0.000000000000000000e+00
0.000000000000000000e+00
0.000000000000000000e+00
0.000000000000000000e+00
0.000000000000000000e+00
0.000000000000000000e+00
0.000000000000000000e+00
0.000000000000000000e+00
0.000000000000000000e+00
0.000000000000000000e+00
0.000000000000000000e+00
0.000000000000000000e+00
0.000000000000000000e+00
0.000000000000000000e+00
0.000000000000000000e+00
0.000000000000000000e+00
0.000000000000000000e+00
0.000000000000000000e+00
0.000000000000000000e+00
0.000000000000000000e+00
0.000000000000000000e+00
0.000000000000000000e+00
0.000000000000000000e+00
0.000000000000000000e+00
0.000000000000000000e+00
0.000000000000000000e+00
0.000000000000000000e+00
0.000000000000000000e+00
0.000000000000000000e+00
0.000000000000000000e+00
0.000000000000000000e+00
0.000000000000000000e+00
0.000000000000000000e+00
0.000000000000000000e+00
0.000000000000000000e+00
0.000000000000000000e+00
0.000000000000000000e+00
0.000000000000000000e+00
0.000000000000000000e+00
0.000000000000000000e+00
0.000000000000000000e+00
0.000000000000000000e+00
0.000000000000000000e+00
0.000000000000000000e+00
0.000000000000000000e+00
0.000000000000000000e+00
0.000000000000000000e+00
0.000000000000000000e+00
0.000000000000000000e+00
0.000000000000000000e+00
0.000000000000000000e+00
0.000000000000000000e+00
0.000000000000000000e+00
0.000000000000000000e+00
0.000000000000000000e+00
0.000000000000000000e+00
0.000000000000000000e+00
0.000000000000000000e+00
0.000000000000000000e+00
0.000000000000000000e+00
0.000000000000000000e+00
0.000000000000000000e+00
0.000000000000000000e+00
0.000000000000000000e+00
0.000000000000000000e+00
0.000000000000000000e+00
0.000000000000000000e+00
0.000000000000000000e+00
0.000000000000000000e+00
0.000000000000000000e+00
0.000000000000000000e+00
0.000000000000000000e+00
0.000000000000000000e+00
0.000000000000000000e+00
0.000000000000000000e+00
0.000000000000000000e+00
0.000000000000000000e+00
0.000000000000000000e+00
0.000000000000000000e+00
0.000000000000000000e+00
0.000000000000000000e+00
0.000000000000000000e+00
0.000000000000000000e+00
0.000000000000000000e+00
0.000000000000000000e+00
0.000000000000000000e+00
0.000000000000000000e+00
0.000000000000000000e+00
0.000000000000000000e+00
0.000000000000000000e+00
0.000000000000000000e+00
0.000000000000000000e+00
0.000000000000000000e+00
0.000000000000000000e+00
0.000000000000000000e+00
0.000000000000000000e+00
0.000000000000000000e+00
0.000000000000000000e+00
0.000000000000000000e+00
0.000000000000000000e+00
0.000000000000000000e+00
0.000000000000000000e+00
0.000000000000000000e+00
0.000000000000000000e+00
0.000000000000000000e+00
0.000000000000000000e+00
0.000000000000000000e+00
0.000000000000000000e+00
0.000000000000000000e+00
0.000000000000000000e+00
0.000000000000000000e+00
0.000000000000000000e+00
0.000000000000000000e+00
0.000000000000000000e+00
0.000000000000000000e+00
0.000000000000000000e+00
0.000000000000000000e+00
0.000000000000000000e+00
0.000000000000000000e+00
0.000000000000000000e+00
0.000000000000000000e+00
0.000000000000000000e+00
0.000000000000000000e+00
0.000000000000000000e+00
0.000000000000000000e+00
0.000000000000000000e+00
0.000000000000000000e+00
0.000000000000000000e+00
0.000000000000000000e+00
0.000000000000000000e+00
0.000000000000000000e+00
0.000000000000000000e+00
0.000000000000000000e+00
0.000000000000000000e+00
0.000000000000000000e+00
0.000000000000000000e+00
0.000000000000000000e+00
0.000000000000000000e+00
0.000000000000000000e+00
0.000000000000000000e+00
0.000000000000000000e+00
0.000000000000000000e+00
0.000000000000000000e+00
0.000000000000000000e+00
0.000000000000000000e+00
0.000000000000000000e+00
0.000000000000000000e+00
0.000000000000000000e+00
0.000000000000000000e+00
0.000000000000000000e+00
0.000000000000000000e+00
0.000000000000000000e+00
0.000000000000000000e+00
0.000000000000000000e+00
0.000000000000000000e+00
0.000000000000000000e+00
0.000000000000000000e+00
0.000000000000000000e+00
0.000000000000000000e+00
0.000000000000000000e+00
0.000000000000000000e+00
0.000000000000000000e+00
0.000000000000000000e+00
0.000000000000000000e+00
0.000000000000000000e+00
0.000000000000000000e+00
0.000000000000000000e+00
0.000000000000000000e+00
0.000000000000000000e+00
0.000000000000000000e+00
0.000000000000000000e+00
0.000000000000000000e+00
0.000000000000000000e+00
0.000000000000000000e+00
0.000000000000000000e+00
0.000000000000000000e+00
0.000000000000000000e+00
0.000000000000000000e+00
0.000000000000000000e+00
0.000000000000000000e+00
0.000000000000000000e+00
0.000000000000000000e+00
0.000000000000000000e+00
0.000000000000000000e+00
0.000000000000000000e+00
0.000000000000000000e+00
0.000000000000000000e+00
0.000000000000000000e+00
0.000000000000000000e+00
0.000000000000000000e+00
0.000000000000000000e+00
0.000000000000000000e+00
0.000000000000000000e+00
0.000000000000000000e+00
0.000000000000000000e+00
0.000000000000000000e+00
0.000000000000000000e+00
0.000000000000000000e+00
0.000000000000000000e+00
0.000000000000000000e+00
0.000000000000000000e+00
0.000000000000000000e+00
0.000000000000000000e+00
0.000000000000000000e+00
0.000000000000000000e+00
0.000000000000000000e+00
0.000000000000000000e+00
0.000000000000000000e+00
0.000000000000000000e+00
0.000000000000000000e+00
0.000000000000000000e+00
0.000000000000000000e+00
0.000000000000000000e+00
0.000000000000000000e+00
0.000000000000000000e+00
0.000000000000000000e+00
0.000000000000000000e+00
0.000000000000000000e+00
0.000000000000000000e+00
0.000000000000000000e+00
0.000000000000000000e+00
0.000000000000000000e+00
0.000000000000000000e+00
0.000000000000000000e+00
0.000000000000000000e+00
0.000000000000000000e+00
0.000000000000000000e+00
0.000000000000000000e+00
0.000000000000000000e+00
0.000000000000000000e+00
0.000000000000000000e+00
0.000000000000000000e+00
0.000000000000000000e+00
0.000000000000000000e+00
0.000000000000000000e+00
0.000000000000000000e+00
0.000000000000000000e+00
0.000000000000000000e+00
0.000000000000000000e+00
0.000000000000000000e+00
0.000000000000000000e+00
0.000000000000000000e+00
0.000000000000000000e+00
0.000000000000000000e+00
0.000000000000000000e+00
0.000000000000000000e+00
0.000000000000000000e+00
0.000000000000000000e+00
0.000000000000000000e+00
0.000000000000000000e+00
0.000000000000000000e+00
0.000000000000000000e+00
0.000000000000000000e+00
0.000000000000000000e+00
0.000000000000000000e+00
0.000000000000000000e+00
0.000000000000000000e+00
0.000000000000000000e+00
0.000000000000000000e+00
0.000000000000000000e+00
0.000000000000000000e+00
0.000000000000000000e+00
0.000000000000000000e+00
0.000000000000000000e+00
0.000000000000000000e+00
0.000000000000000000e+00
0.000000000000000000e+00
0.000000000000000000e+00
0.000000000000000000e+00
0.000000000000000000e+00
0.000000000000000000e+00
0.000000000000000000e+00
0.000000000000000000e+00
0.000000000000000000e+00
0.000000000000000000e+00
0.000000000000000000e+00
0.000000000000000000e+00
0.000000000000000000e+00
0.000000000000000000e+00
0.000000000000000000e+00
0.000000000000000000e+00
0.000000000000000000e+00
0.000000000000000000e+00
0.000000000000000000e+00
0.000000000000000000e+00
0.000000000000000000e+00
0.000000000000000000e+00
0.000000000000000000e+00
0.000000000000000000e+00
0.000000000000000000e+00
0.000000000000000000e+00
0.000000000000000000e+00
0.000000000000000000e+00
0.000000000000000000e+00
0.000000000000000000e+00
0.000000000000000000e+00
0.000000000000000000e+00
0.000000000000000000e+00
0.000000000000000000e+00
0.000000000000000000e+00
0.000000000000000000e+00
0.000000000000000000e+00
0.000000000000000000e+00
0.000000000000000000e+00
0.000000000000000000e+00
0.000000000000000000e+00
0.000000000000000000e+00
0.000000000000000000e+00
0.000000000000000000e+00
0.000000000000000000e+00
0.000000000000000000e+00
0.000000000000000000e+00
0.000000000000000000e+00
0.000000000000000000e+00
0.000000000000000000e+00
0.000000000000000000e+00
0.000000000000000000e+00
0.000000000000000000e+00
0.000000000000000000e+00
0.000000000000000000e+00
0.000000000000000000e+00
0.000000000000000000e+00
0.000000000000000000e+00
0.000000000000000000e+00
0.000000000000000000e+00
0.000000000000000000e+00
0.000000000000000000e+00
0.000000000000000000e+00
0.000000000000000000e+00
0.000000000000000000e+00
0.000000000000000000e+00
0.000000000000000000e+00
0.000000000000000000e+00
0.000000000000000000e+00
0.000000000000000000e+00
0.000000000000000000e+00
0.000000000000000000e+00
0.000000000000000000e+00
0.000000000000000000e+00
0.000000000000000000e+00
0.000000000000000000e+00
0.000000000000000000e+00
0.000000000000000000e+00
0.000000000000000000e+00
0.000000000000000000e+00
0.000000000000000000e+00
0.000000000000000000e+00
0.000000000000000000e+00
0.000000000000000000e+00
0.000000000000000000e+00
0.000000000000000000e+00
0.000000000000000000e+00
0.000000000000000000e+00
0.000000000000000000e+00
0.000000000000000000e+00
0.000000000000000000e+00
0.000000000000000000e+00
0.000000000000000000e+00
0.000000000000000000e+00
0.000000000000000000e+00
0.000000000000000000e+00
0.000000000000000000e+00
0.000000000000000000e+00
0.000000000000000000e+00
0.000000000000000000e+00
0.000000000000000000e+00
0.000000000000000000e+00
0.000000000000000000e+00
0.000000000000000000e+00
0.000000000000000000e+00
0.000000000000000000e+00
0.000000000000000000e+00
0.000000000000000000e+00
0.000000000000000000e+00
0.000000000000000000e+00
0.000000000000000000e+00
0.000000000000000000e+00
0.000000000000000000e+00
0.000000000000000000e+00
0.000000000000000000e+00
0.000000000000000000e+00
0.000000000000000000e+00
0.000000000000000000e+00
0.000000000000000000e+00
0.000000000000000000e+00
0.000000000000000000e+00
0.000000000000000000e+00
0.000000000000000000e+00
0.000000000000000000e+00
0.000000000000000000e+00
0.000000000000000000e+00
0.000000000000000000e+00
0.000000000000000000e+00
0.000000000000000000e+00
0.000000000000000000e+00
0.000000000000000000e+00
0.000000000000000000e+00
0.000000000000000000e+00
0.000000000000000000e+00
0.000000000000000000e+00
0.000000000000000000e+00
0.000000000000000000e+00
0.000000000000000000e+00
0.000000000000000000e+00
0.000000000000000000e+00
0.000000000000000000e+00
0.000000000000000000e+00
0.000000000000000000e+00
0.000000000000000000e+00
0.000000000000000000e+00
0.000000000000000000e+00
0.000000000000000000e+00
0.000000000000000000e+00
0.000000000000000000e+00
0.000000000000000000e+00
0.000000000000000000e+00
0.000000000000000000e+00
0.000000000000000000e+00
0.000000000000000000e+00
0.000000000000000000e+00
0.000000000000000000e+00
0.000000000000000000e+00
0.000000000000000000e+00
0.000000000000000000e+00
0.000000000000000000e+00
0.000000000000000000e+00
0.000000000000000000e+00
0.000000000000000000e+00
0.000000000000000000e+00
0.000000000000000000e+00
0.000000000000000000e+00
0.000000000000000000e+00
0.000000000000000000e+00
0.000000000000000000e+00
0.000000000000000000e+00
0.000000000000000000e+00
0.000000000000000000e+00
0.000000000000000000e+00
0.000000000000000000e+00
0.000000000000000000e+00
0.000000000000000000e+00
0.000000000000000000e+00
0.000000000000000000e+00
0.000000000000000000e+00
0.000000000000000000e+00
0.000000000000000000e+00
0.000000000000000000e+00
0.000000000000000000e+00
0.000000000000000000e+00
0.000000000000000000e+00
0.000000000000000000e+00
0.000000000000000000e+00
0.000000000000000000e+00
0.000000000000000000e+00
0.000000000000000000e+00
0.000000000000000000e+00
0.000000000000000000e+00
0.000000000000000000e+00
0.000000000000000000e+00
0.000000000000000000e+00
0.000000000000000000e+00
0.000000000000000000e+00
0.000000000000000000e+00
0.000000000000000000e+00
0.000000000000000000e+00
0.000000000000000000e+00
0.000000000000000000e+00
0.000000000000000000e+00
0.000000000000000000e+00
0.000000000000000000e+00
0.000000000000000000e+00
0.000000000000000000e+00
0.000000000000000000e+00
0.000000000000000000e+00
0.000000000000000000e+00
0.000000000000000000e+00
0.000000000000000000e+00
0.000000000000000000e+00
0.000000000000000000e+00
0.000000000000000000e+00
0.000000000000000000e+00
0.000000000000000000e+00
0.000000000000000000e+00
0.000000000000000000e+00
0.000000000000000000e+00
0.000000000000000000e+00
0.000000000000000000e+00
0.000000000000000000e+00
0.000000000000000000e+00
0.000000000000000000e+00
0.000000000000000000e+00
0.000000000000000000e+00
0.000000000000000000e+00
0.000000000000000000e+00
0.000000000000000000e+00
0.000000000000000000e+00
0.000000000000000000e+00
0.000000000000000000e+00
0.000000000000000000e+00
0.000000000000000000e+00
0.000000000000000000e+00
0.000000000000000000e+00
0.000000000000000000e+00
0.000000000000000000e+00
0.000000000000000000e+00
0.000000000000000000e+00
0.000000000000000000e+00
0.000000000000000000e+00
0.000000000000000000e+00
0.000000000000000000e+00
0.000000000000000000e+00
0.000000000000000000e+00
0.000000000000000000e+00
0.000000000000000000e+00
0.000000000000000000e+00
0.000000000000000000e+00
0.000000000000000000e+00
0.000000000000000000e+00
0.000000000000000000e+00
0.000000000000000000e+00
0.000000000000000000e+00
0.000000000000000000e+00
0.000000000000000000e+00
0.000000000000000000e+00
0.000000000000000000e+00
0.000000000000000000e+00
0.000000000000000000e+00
0.000000000000000000e+00
0.000000000000000000e+00
0.000000000000000000e+00
0.000000000000000000e+00
0.000000000000000000e+00
0.000000000000000000e+00
0.000000000000000000e+00
0.000000000000000000e+00
0.000000000000000000e+00
0.000000000000000000e+00
0.000000000000000000e+00
0.000000000000000000e+00
0.000000000000000000e+00
0.000000000000000000e+00
0.000000000000000000e+00
0.000000000000000000e+00
0.000000000000000000e+00
0.000000000000000000e+00
0.000000000000000000e+00
0.000000000000000000e+00
0.000000000000000000e+00
0.000000000000000000e+00
0.000000000000000000e+00
0.000000000000000000e+00
0.000000000000000000e+00
0.000000000000000000e+00
0.000000000000000000e+00
0.000000000000000000e+00
0.000000000000000000e+00
0.000000000000000000e+00
0.000000000000000000e+00
0.000000000000000000e+00
0.000000000000000000e+00
0.000000000000000000e+00
0.000000000000000000e+00
0.000000000000000000e+00
0.000000000000000000e+00
0.000000000000000000e+00
0.000000000000000000e+00
0.000000000000000000e+00
0.000000000000000000e+00
0.000000000000000000e+00
0.000000000000000000e+00
0.000000000000000000e+00
0.000000000000000000e+00
0.000000000000000000e+00
0.000000000000000000e+00
0.000000000000000000e+00
0.000000000000000000e+00
0.000000000000000000e+00
0.000000000000000000e+00
0.000000000000000000e+00
0.000000000000000000e+00
0.000000000000000000e+00
0.000000000000000000e+00
0.000000000000000000e+00
0.000000000000000000e+00
0.000000000000000000e+00
0.000000000000000000e+00
0.000000000000000000e+00
0.000000000000000000e+00
0.000000000000000000e+00
0.000000000000000000e+00
0.000000000000000000e+00
0.000000000000000000e+00
0.000000000000000000e+00
0.000000000000000000e+00
0.000000000000000000e+00
0.000000000000000000e+00
0.000000000000000000e+00
0.000000000000000000e+00
0.000000000000000000e+00
0.000000000000000000e+00
0.000000000000000000e+00
0.000000000000000000e+00
0.000000000000000000e+00
0.000000000000000000e+00
0.000000000000000000e+00
0.000000000000000000e+00
0.000000000000000000e+00
0.000000000000000000e+00
0.000000000000000000e+00
0.000000000000000000e+00
0.000000000000000000e+00
0.000000000000000000e+00
0.000000000000000000e+00
0.000000000000000000e+00
0.000000000000000000e+00
0.000000000000000000e+00
0.000000000000000000e+00
0.000000000000000000e+00
0.000000000000000000e+00
0.000000000000000000e+00
0.000000000000000000e+00
0.000000000000000000e+00
0.000000000000000000e+00
0.000000000000000000e+00
0.000000000000000000e+00
0.000000000000000000e+00
0.000000000000000000e+00
0.000000000000000000e+00
0.000000000000000000e+00
0.000000000000000000e+00
0.000000000000000000e+00
0.000000000000000000e+00
1.836970198721029688e-16
1.507287527437720931e-01
3.010182172543752754e-01
4.504892329824055075e-01
5.987651056143231676e-01
7.454725544855781427e-01
8.902426497472346600e-01
1.032711736941739789e+00
1.172522346680811900e+00
1.309324087161574557e+00
1.442774517305702275e+00
1.572539998360542812e+00
1.698296521860590991e+00
1.819730511912307946e+00
1.936539599834819825e+00
2.048433369263331638e+00
2.155134069900997762e+00
2.256377298188203984e+00
2.351912643245592793e+00
2.441504296538423713e+00
2.524931623804783865e+00
2.601989697888474229e+00
2.672489791218897626e+00
2.736259826784613658e+00
2.793144786554188741e+00
2.843007076407310763e+00
2.885726846750464425e+00
2.921202268104603483e+00
2.949349761066883513e+00
2.970104180164279573e+00
2.983418951233640204e+00
2.989266162079989630e+00
2.987636606282482621e+00
2.978539780135028625e+00
2.962003832825875094e+00
2.938075470077207374e+00
2.906819811581635715e+00
2.868320202687157483e+00
2.822677980895436978e+00
2.770012197849754276e+00
2.710459297598544204e+00
2.644172752027687867e+00
2.571322654459493151e+00
2.492095272518272786e+00
2.406692561461355240e+00
2.315331639270095110e+00
2.218244224887618188e+00
2.115676041078523362e+00
2.007886183470375840e+00
1.895146457417239416e+00
1.777740684401672322e+00
1.655963979763261484e+00
1.530122003608838543e+00
1.400530186821672629e+00
1.267512934144299663e+00
1.131402806361833324e+00
9.925396836596138694e-01
8.512699122708946575e-01
7.079454365665656113e-01
5.629229187699190673e-01
4.165628485049093777e-01
2.692286444062009787e-01
1.212857500337047034e-01
-2.689927365707530521e-02
-1.749596570343860680e-01
-3.225293294472634797e-01
-4.692438235763229382e-01
-6.147411742479705898e-01
-7.586628095006973105e-01
-9.006544317167354263e-01
-1.040366886662035473e+00
-1.177457018312764614e+00
-1.311588507386610036e+00
-1.442432691542554934e+00
-1.569669365262915672e+00
-1.692987557486323791e+00
-1.812086285120013684e+00
-1.926675280623660003e+00
-2.036475691925363485e+00
-2.141220753002800237e+00
-2.240656423538795128e+00
-2.334541996140658160e+00
-2.422650669696093662e+00
-2.504770087525340916e+00
-2.580702839079008992e+00
-2.650266924023849224e+00
-2.713296177653909957e+00
-2.769640656662200051e+00
-2.819166984407757592e+00
-2.861758654914558164e+00
-2.897316294941913561e+00
-2.925757883570568652e+00
-2.947018928854253428e+00
-2.961052601192917244e+00
-2.967829823190814231e+00
-2.967339315869874650e+00
-2.959587601216074670e+00
-2.944598961143548355e+00
-2.922415353067729260e+00
-2.893096282384575169e+00
-2.856718632257679857e+00
-2.813376451218561947e+00
-2.763180699187375300e+00
-2.706258952621476865e+00
-2.642755069597467532e+00
-2.572828815728303020e+00
-2.496655451910449575e+00
-2.414425284986992715e+00
-2.326343182500367757e+00
-2.232628052793194318e+00
-2.133512291797209137e+00
-2.029241197928239870e+00
-1.920072356579390460e+00
-1.806274995775249970e+00
-1.688129314616203969e+00
-1.565925786204329206e+00
-1.439964436800377223e+00
-1.310554103014870631e+00
-1.178011668885452945e+00
-1.042661284737071536e+00
-9.048335697611064043e-01
-7.648648002846191174e-01
-6.230960857307369372e-01
-4.798725342962001927e-01
-3.355424103922591272e-01
-1.904562859100172589e-01
-4.496618738128779769e-02
1.005752588889954474e-01
2.458156816428885005e-01
3.904038173714846072e-01
5.339903588382007849e-01
6.762287973780084505e-01
8.167762569471851419e-01
9.552943179232128434e-01
1.091449828683877188e+00
1.224915703029322067e+00
1.355371701549434871e+00
1.482505195082549188e+00
1.606011908459216375e+00
1.725596642776766609e+00
1.840973974506537880e+00
1.951868929795660623e+00
2.058017632389264495e+00
2.159167923666180489e+00
2.255079953352495004e+00
2.345526739551117679e+00
2.430294696803063648e+00
2.509184130976132909e+00
2.582009699859569185e+00
2.648600838428510684e+00
2.708802147829654672e+00
2.762473747229039045e+00
2.809491587754414876e+00
2.849747727857474988e+00
2.883150569515727124e+00
2.909625054789214182e+00
2.929112822343662881e+00
2.941572323648748100e+00
2.946978898657591106e+00
2.945324810871315258e+00
2.936619241790109580e+00
2.920888244849602078e+00
2.898174659038213807e+00
2.868537982487261662e+00
2.832054206420720366e+00
2.788815609945537233e+00
2.738930516255873471e+00
2.682523010915637940e+00
2.619732622972643199e+00
2.550713969744864862e+00
2.475636366203858518e+00
2.394683399962934889e+00
2.308052472957142331e+00
2.215954310979153963e+00
2.118612442308871913e+00
2.016262646745407228e+00
1.909152376417304176e+00
1.797540149810986199e+00
1.681694920517515790e+00
1.561895422254471200e+00
1.438429491772307278e+00
1.311593371303364064e+00
1.181690992256228423e+00
1.049033241898725377e+00
9.139372148087658854e-01
7.767254509044655419e-01
6.377251618920152243e-01
4.972674479930981883e-01
3.556865068320345102e-01
2.133188363767735685e-01
7.050243383742586800e-02
-7.242400756911800130e-02
-2.151219020795158421e-01
-3.572535731646212520e-01
-4.984830517341484746e-01
-6.384768688825823713e-01
-7.769048413108183837e-01
-9.134408475801586436e-01
-1.047763593381309644e+00
-1.179557364031768030e+00
-1.308512762449365541e+00
-1.434327430888503452e+00
-1.556706754768127254e+00
-1.675364546967156754e+00
-1.790023711012842966e+00
-1.900416881641637579e+00
-2.006287041269047222e+00
-2.107388110965537464e+00
-2.203485514599146100e+00
-2.294356714871941261e+00
-2.379791720047021997e+00
-2.459593560234582643e+00
-2.533578732180326476e+00
-2.601577611576059823e+00
-2.663434831991258189e+00
-2.719009629605275258e+00
-2.768176153002148698e+00
-2.810823737374112952e+00
-2.846857142565103693e+00
-2.876196754471993078e+00
-2.898778749408504218e+00
-2.914555221124797590e+00
-2.923494270264030082e+00
-2.925580056126010131e+00
-2.920812810696720163e+00
-2.909208814991142589e+00
-2.890800337845015555e+00
-2.865635537378839803e+00
-2.833778325444349377e+00
-2.795308195449581756e+00
-2.750320014043435179e+00
-2.698923777224024878e+00
-2.641244331516924060e+00
-2.577421060949537601e+00
-2.507607540625957476e+00
-2.431971157782804038e+00
-2.350692701280227670e+00
-2.263965920553740574e+00
-2.171997055121157150e+00
-2.075004335805108902e+00
-1.973217458894521714e+00
-1.866877034528708901e+00
-1.756234010644435406e+00
-1.641549073880269605e+00
-1.523092028882256255e+00
-1.401141157502322931e+00
-1.275982559423315177e+00
-1.147909475784409938e+00
-1.017221597416072099e+00
-8.842243593256938761e-01
-7.492282231027297401e-01
-6.125479489363099272e-01
-4.745018589580686785e-01
-3.354110936389442243e-01
-1.955988629803933065e-01
-5.538969424841738015e-02
8.489132199779968191e-02
2.249192858308352860e-01
3.643702400867142588e-01
5.029219189645178778e-01
6.402544913679920624e-01
7.760512972793903730e-01
9.099995754764289568e-01
1.041791180927235327e+00
1.171123290226473213e+00
1.297699093467270526e+00
1.421228470979039482e+00
1.541428653400480631e+00
1.658024863598667409e+00
1.770750938991560774e+00
1.879349932879510465e+00
1.983574693443576953e+00
2.083188419123259472e+00
2.177965189143998170e+00
2.267690468024880168e+00
2.352161582960365926e+00
2.431188173034681821e+00
2.504592609295186456e+00
2.572210384780524439e+00
2.633890473670811527e+00
2.689495658800129974e+00
2.738902826846393079e+00
2.782003230589613185e+00
2.818702717706763394e+00
2.848921925649802844e+00
2.872596442232263847e+00
2.889676931629643786e+00
2.900129225578861103e+00
2.903934379642480579e+00
2.901088694483844765e+00
2.891603702179627255e+00
2.875506117676385198e+00
2.852837755577295908e+00
2.823655412524203712e+00
2.788030715518198921e+00
2.746049936599115782e+00
2.697813774380161789e+00
2.643437103008535960e+00
2.583048689195954317e+00
2.516790878034270040e+00
2.444819248381075560e+00
2.367302238667528869e+00
2.284420744046149476e+00
2.196367685859507812e+00
2.103347554471258984e+00
2.005575926559272304e+00
1.903278958025996559e+00
1.796692853733980799e+00
1.686063315323962364e+00
1.571644968420287780e+00
1.453700770571337397e+00
1.332501401313714418e+00
1.208324635785796630e+00
1.081454703350311464e+00
9.521816327158187931e-01
8.208005850740096587e-01
6.876111767933289487e-01
5.529167932288111542e-01
4.170238952250558961e-01
2.802413199008690903e-01
1.428795773140809078e-01
5.250144609577411109e-03
-1.323352407439374601e-01
-2.695652870259610534e-01
-4.061298520468502593e-01
-5.417206430534226014e-01
-6.760319111813788417e-01
-8.087611388958501069e-01
-9.396097188802788880e-01
-1.068283622857621351e+00
-1.194494058854042029e+00
-1.317958115445535983e+00
-1.438399391560682528e+00
-1.555548610448948432e+00
-1.669144216463643415e+00
-1.778932953350094825e+00
-1.884670422775403198e+00
-1.986121621883294885e+00
-2.083061458708268088e+00
-2.175275244335920899e+00
-2.262559160751724363e+00
-2.344720703377581650e+00
-2.421579097355512022e+00
-2.492965686698791483e+00
-2.558724295494450907e+00
-2.618711560405798000e+00
-2.672797233790132232e+00
-2.720864456814602317e+00
-2.762810002021917288e+00
-2.798544484868020987e+00
-2.827992543824254579e+00
-2.851092988708441300e+00
-2.867798916981316726e+00
-2.878077797817244932e+00
-2.881911523830934740e+00
-2.879296430414616026e+00
-2.870243282712837463e+00
-2.854777230334464733e+00
-2.832937729973403762e+00
-2.804778436181003531e+00
-2.770367060603689424e+00
-2.729785200069134277e+00
-2.683128133972964235e+00
-2.630504591485387955e+00
-2.572036489163345152e+00
-2.507858639618342433e+00
-2.438118431953049114e+00
-2.362975484740990506e+00
-2.282601272383089075e+00
-2.197178725731702809e+00
-2.106901807928407422e+00
-2.011975066454064542e+00
-1.912613162440816028e+00
-1.809040378342937627e+00
-1.701490105109427331e+00
-1.590204310043622282e+00
-1.475432986575289984e+00
-1.357433587207377723e+00
-1.236470440934509085e+00
-1.112814156460657067e+00
-9.867410125723302672e-01
-8.585323370482687011e-01
-7.284738755088379092e-01
-5.968551516267585066e-01
-4.639688201367667131e-01
-3.301100140936907845e-01
-1.955756878380118524e-01
-6.066395713318115807e-02
7.432656205807175454e-02
2.090974146920804577e-01
3.433509661945878255e-01
4.767910589881129146e-01
6.091236645514735981e-01
7.400575295798927922e-01
8.693048148312446655e-01
9.965817252636542944e-01
1.121609130092186879e+00
1.244113171418400832e+00
1.363825860115082556e+00
1.480485657679868838e+00
1.593838042805948874e+00
1.703636061454667505e+00
1.809640859254252776e+00
1.911622195091204901e+00
2.009358934804956309e+00
2.102639523942707367e+00
2.191262438580846350e+00
2.275036613269235453e+00
2.353781845208222645e+00
2.427329173822071695e+00
2.495521234949282352e+00
2.558212588927459841e+00
2.615270021910209852e+00
2.666572819813297190e+00
2.712013014349659024e+00
2.751495600674782160e+00
2.784938726227909722e+00
2.812273850418606003e+00
2.833445874872920545e+00
2.848413244018760615e+00
2.857148015855457857e+00
2.859635902818359554e+00
2.855876282714769232e+00
2.845882179773222109e+00
2.829680215913269681e+00
2.807310532407836678e+00
2.778826682174381446e+00
2.744295492994729635e+00
2.703796902026186277e+00
2.657423762028163328e+00
2.605281619789275638e+00
2.547488467299388937e+00
2.484174466268743053e+00
2.415481646653350190e+00
2.341563579900464820e+00
2.262585027681211169e+00
2.178721566929017417e+00
2.090159192051801895e+00
1.997093895233555072e+00
1.899731225785781907e+00
1.798285829552987103e+00
1.692980969416832293e+00
1.584048027981805440e+00
1.471725993561569856e+00
1.356260930618355509e+00
1.237905435838388302e+00
1.116918081054807166e+00
9.935628442546824424e-01
8.681085299295110413e-01
7.408281800483954571e-01
6.119984769502493371e-01
4.818991394652700211e-01
3.508123135875795828e-01
2.190219590290584661e-01
8.681323298997258020e-02
-4.552812751531289115e-02
-1.777164234398408427e-01
-3.094666102580458933e-01
-4.404949119634513632e-01
-5.705194311907043625e-01
-6.992607541540858396e-01
-8.264425491087943332e-01
-9.517921570594563008e-01
-1.075041173459529764e+00
-1.195926019668354989e+00
-1.314188502957720273e+00
-1.429576363887625545e+00
-1.541843809901061180e+00
-1.650752034020516845e+00
-1.756069717563514043e+00
-1.857573515831897115e+00
-1.955048525768829704e+00
-2.048288734618725293e+00
-2.137097448668882738e+00
-2.221287701196443809e+00
-2.300682638791451406e+00
-2.375115885275215888e+00
-2.444431882483355967e+00
-2.508486207234288390e+00
-2.567145863856937993e+00
-2.620289551705218045e+00
-2.667807907142070611e+00
-2.709603719531815447e+00
-2.745592120836358951e+00
-2.775700748468478807e+00
-2.799869881113346892e+00
-2.818052547288135923e+00
-2.830214606468412608e+00
-2.836334802669016497e+00
-2.836404790426414912e+00
-2.830429133188437696e+00
-2.818425274176281636e+00
-2.800423479842259589e+00
-2.776466756104843725e+00
-2.746610737600231111e+00
-2.710923550246432612e+00
-2.669485647472201517e+00
-2.622389620517999731e+00
-2.569739983270698858e+00
-2.511652932146455353e+00
-2.448256081588147559e+00
-2.379688175794002269e+00
-2.306098777343096984e+00
-2.227647933430873639e+00
-2.144505820473308066e+00
-2.056852367882441524e+00
-1.964876861858414925e+00
-1.868777530082729843e+00
-1.768761108236569290e+00
-1.665042389303097004e+00
-1.557843756647751654e+00
-1.447394701901527636e+00
-1.333931328702265384e+00
-1.217695843375829590e+00
-1.098936033664229983e+00
-9.779047366299207233e-01
-8.548592968855575069e-01
-7.300610163160593524e-01
-6.037745964744927196e-01
-4.762675748460665770e-01
-3.478097561842449226e-01
-2.186726401298059730e-01
-8.912884632959545972e-02
4.054846172798773352e-02
1.700861529422695029e-01
2.992117036804260999e-01
4.276537704991649758e-01
5.551427593071087685e-01
6.814113897779477957e-01
8.061952538367401777e-01
9.292333670582605398e-01
1.050268711833438395e+00
1.169048771180667634e+00
1.285326052101101402e+00
1.398858597402320214e+00
1.509410484941034580e+00
1.616752313265567009e+00
1.720661672669332454e+00
1.820923600700023792e+00
1.917331021204540908e+00
2.009685166025977132e+00
2.097795978508551595e+00
2.181482498005761439e+00
2.260573224629697453e+00
2.334906463522475661e+00
2.404330647975368773e+00
2.468704640767546810e+00
2.527898013143428546e+00
2.581791300895749597e+00
2.630276237071039969e+00
2.673255960863976100e+00
2.710645202318058278e+00
2.742370442501909533e+00
2.768370048881832357e+00
2.788594385664539210e+00
2.803005898936161699e+00
2.811579176476981967e+00
2.814300982184336775e+00
2.811170265089165454e+00
2.802198143004731357e+00
2.787407860898663436e+00
2.766834724131921774e+00
2.740526006760093392e+00
2.708540835143914638e+00
2.670950047166441355e+00
2.627836027404345742e+00
2.579292518649736188e+00
2.525424410227155914e+00
2.466347503597025703e+00
2.402188255783269000e+00
2.333083501206770549e+00
2.259180152550060328e+00
2.180634881320189233e+00
2.097613778817230656e+00
2.010291998254360113e+00
1.918853378812810817e+00
1.823490052450008170e+00
1.724402034313325061e+00
1.621796797642313992e+00
1.515888834073958469e+00
1.406899200291170215e+00
1.295055051982043626e+00
1.180589166100284748e+00
1.063739452438980937e+00
9.447484555493740332e-01
8.238628480530925113e-01
7.013329164120306602e-01
5.774120402320149781e-01
4.523561661872347872e-01
3.264232776610258568e-01
1.998728612035673979e-01
7.296537091188820545e-02
-5.403830816216877164e-02
-1.808773964704656068e-01
-3.072917551916330425e-01
-4.330224191220642949e-01
-5.578121261457894553e-01
-6.814058422045280450e-01
-8.035512807003605262e-01
-9.239994152790891313e-01
-1.042504984957265179e+00
-1.158826990575149374e+00
-1.272729181578595048e+00
-1.383980532154031495e+00
-1.492355705766694740e+00
-1.597635507177235015e+00
-1.699607321040794705e+00
-1.798065536221755467e+00
-1.892811954989368495e+00
-1.983656186292510615e+00
-2.070416022346140750e+00
-2.152917797798806987e+00
-2.230996730787081717e+00
-2.304497245222837165e+00
-2.373273273698243813e+00
-2.437188540435128115e+00
-2.496116823747381197e+00
-2.549942197528283216e+00
-2.598559251318618646e+00
-2.641873288556381816e+00
-2.679800502654246408e+00
-2.712268130596985571e+00
-2.739214583797909164e+00
-2.760589555999875433e+00
-2.776354108054105652e+00
-2.786480729457157857e+00
-2.790953376574182077e+00
-2.789767487523976186e+00
-2.782929973748890617e+00
-2.770459188339873258e+00
-2.752384871233906960e+00
-2.728748071447717471e+00
-2.699601046557696726e+00
-2.665007139681671244e+00
-2.625040634262850059e+00
-2.579786587000597819e+00
-2.529340639316029815e+00
-2.473808807782631014e+00
-2.413307253993743906e+00
-2.347962034379003526e+00
-2.277908830520842809e+00
-2.203292660560409288e+00
-2.124267572318716546e+00
-2.040996318793776965e+00
-1.953650016729211014e+00
-1.862407788980857903e+00
-1.767456391439821362e+00
-1.668989825298919039e+00
-1.567208935476668730e+00
-1.462320996039687238e+00
-1.354539283487177004e+00
-1.244082638783883032e+00
-1.131175019048425101e+00
-1.016045039821621643e+00
-8.989255088564080953e-01
-7.800529523856519765e-01
-6.596671348357956433e-01
-5.380105729662417735e-01
-4.153280454215207418e-01
-2.918660986912806066e-01
-1.678725504761884868e-01
-4.359599146185320212e-02
8.071471349771749959e-02
2.048109237864246257e-01
3.284447200255475319e-01
4.513693986742849940e-01
5.733399632481250840e-01
6.941136111797173713e-01
8.134502153592122475e-01
9.311127994042793787e-01
1.046868005723808892e+00
1.160486555458555280e+00
1.271743699398055760e+00
1.380419658995218901e+00
1.486300056621906007e+00
1.589176334232143661e+00
1.688846159624745935e+00
1.785113819525306456e+00
1.877790598734140115e+00
1.966695144617845781e+00
2.051653816252605456e+00
2.132501017560100021e+00
2.209079513810257467e+00
2.281240730900011116e+00
2.348845036852939661e+00
2.411762005021740762e+00
2.469870658512708594e+00
2.523059695390784452e+00
2.571227694262175234e+00
2.614283299872233179e+00
2.652145388396781378e+00
2.684743212145822344e+00
2.712016523440799354e+00
2.733915677467739336e+00
2.750401713951474925e+00
2.761446417538108378e+00
2.767032356815320782e+00
2.767152901942831811e+00
2.761812220907501114e+00
2.751025254459853464e+00
2.734817669830784670e+00
2.713225793368917227e+00
2.686296522280263055e+00
2.654087215692641166e+00
2.616665565307581431e+00
2.574109445941814123e+00
2.526506746299625128e+00
2.473955180355049688e+00
2.416562079760290693e+00
2.354444167732975046e+00
2.287727314910066312e+00
2.216546277690469857e+00
2.141044419621412676e+00
2.061373416415526627e+00
1.977692945216248166e+00
1.890170358758240798e+00
1.798980345097748179e+00
1.704304573614192853e+00
1.606331328009175552e+00
1.505255127053160669e+00
1.401276333851451783e+00
1.294600754421961764e+00
1.185439226396120649e+00
1.074007198671066865e+00
9.605243028569439012e-01
8.452139173772817982e-01
7.283027250917700757e-01
6.100202653216046933e-01
4.905984811663122724e-01
3.702712630068004662e-01
2.492739890958480808e-01
1.278430641391720968e-01
6.215456772455709052e-03
-1.153717631604650878e-01
-2.366818866260729515e-01
-3.574790258166001267e-01
-4.775285720692329372e-01
-5.965976504030863214e-01
-7.144555697961560981e-01
-8.308742683364975790e-01
-9.456287523926100169e-01
-1.058497528963443735e+00
-1.169263030382817092e+00
-1.277712030570850477e+00
-1.383636052043379028e+00
-1.486831762910537869e+00
-1.587101363116902641e+00
-1.684252959198873745e+00
-1.778100926859250919e+00
-1.868466260683938840e+00
-1.955176910353303210e+00
-2.038068102727873754e+00
-2.116982649217798773e+00
-2.191771237874997169e+00
-2.262292709678392910e+00
-2.328414318514896664e+00
-2.390011974390817251e+00
-2.446970469443252583e+00
-2.499183686354536249e+00
-2.546554788808227165e+00
-2.588996393661028961e+00
-2.626430724540759432e+00
-2.658789746617578942e+00
-2.686015282332498533e+00
-2.708059107904443596e+00
-2.724883030474952061e+00
-2.736458945787078711e+00
-2.742768876332936756e+00
-2.743804989942204564e+00
-2.739569598821505636e+00
-2.730075139092318803e+00
-2.715344130912366261e+00
-2.695409119302637713e+00
-2.670312595838877812e+00
-2.640106901402813122e+00
-2.604854110224152919e+00
-2.564625895479798245e+00
-2.519503376751269119e+00
-2.469576949675513333e+00
-2.414946098157337406e+00
-2.355719189544162262e+00
-2.292013253195624767e+00
-2.223953742910690590e+00
-2.151674283705279578e+00
-2.075316403461137771e+00
-1.995029249995353027e+00
-1.910969294125106188e+00
-1.823300019328425448e+00
-1.732191598625189011e+00
-1.637820559325418701e+00
-1.540369436313570928e+00
-1.440026414557212586e+00
-1.336984961547302841e+00
-1.231443450394930750e+00
-1.123604774324629352e+00
-1.013675953318915024e+00
-9.018677336823365254e-01
-7.883941813032164792e-01
-6.734722694028356660e-01
-5.573214615687557272e-01
-4.401632908766527907e-01
-3.222209359098430204e-01
-2.037187944896249880e-01
-8.488205593124936721e-02
3.406372735831166010e-02
1.528930681265703306e-01
2.713809715532356504e-01
3.893033607512940697e-01
5.064374996893494796e-01
6.225624127388735829e-01
7.374593000607666538e-01
8.509119480531408541e-01
9.627071340959003631e-01
1.072635024839130313e+00
1.180489567297559050e+00
1.286068872028102383e+00
1.389175587685374635e+00
1.489617266267567741e+00
1.587206718384862825e+00
1.681762357903455518e+00
1.773108535339437131e+00
1.861075859400773691e+00
1.945501506098149980e+00
2.026229514872579518e+00
2.103111071211227756e+00
2.176004775251893175e+00
2.244776895903300318e+00
2.309301610036988084e+00
2.369461226336386783e+00
2.425146393418133872e+00
2.476256291871829163e+00
2.522698809895090211e+00
2.564390702233206643e+00
2.601257732164043990e+00
2.633234796302195146e+00
2.660266032028604233e+00
2.682304907385582471e+00
2.699314293309993396e+00
2.711266518111239865e+00
2.718143404133995578e+00
2.719936286579283102e+00
2.716646014490958994e+00
2.708282933948066518e+00
2.694866853536679763e+00
2.676426992207877387e+00
2.653001909661039104e+00
2.624639419424101394e+00
2.591396484834041836e+00
2.553339098152587194e+00
2.510542143082492128e+00
2.463089240980664396e+00
2.411072581093320011e+00
2.354592735167682527e+00
2.293758456822923897e+00
2.228686466090003648e+00
2.159501219557117047e+00
2.086334666582521091e+00
2.009325992061567590e+00
1.928621346258308611e+00
1.844373562234612240e+00
1.756741861431325047e+00
1.665891547977031539e+00
1.571993692318101044e+00
1.475224804783349386e+00
1.375766499712672841e+00
1.273805150794893759e+00
1.169531538275266236e+00
1.063140488705035303e+00
9.548305079191733435e-01
8.448034079369931559e-01
7.332639284919650891e-01
6.204193539025576465e-01
5.064791260050870436e-01
3.916544538726270397e-01
2.761579210498971704e-01
1.602030910346118331e-01
4.400411173908348045e-02
-7.222468033575130120e-02
-1.882691554831131542e-01
-3.039157850008699091e-01
-4.189520335064361722e-01
-5.331667486369653375e-01
-6.463505474235102799e-01
-7.582961986350010841e-01
-8.687990003982593024e-01
-9.776571524100020616e-01
-1.084672122069332278e+00
-1.189649003871874111e+00
-1.292396871420861126e+00
-1.392729121426489858e+00
-1.490463809080233126e+00
-1.585423974209818621e+00
-1.677437957637397670e+00
-1.766339707184919616e+00
-1.851969072789471316e+00
-1.934172090214499429e+00
-2.012801252863488433e+00
-2.087715771227537154e+00
-2.158781819520759981e+00
-2.225872769083232061e+00
-2.288869408155959295e+00
-2.347660147658667817e+00
-2.402141212627850297e+00
-2.452216818999412684e+00
-2.497799335448542379e+00
-2.538809430026598424e+00
-2.575176201364416162e+00
-2.606837294239249481e+00
-2.633738999332313035e+00
-2.655836337033029793e+00
-2.673093125175447060e+00
-2.685482030622167393e+00
-2.692984604640543456e+00
-2.695591302045798887e+00
-2.693301484115173228e+00
-2.686123405306859002e+00
-2.674074183846808950e+00
-2.657179756275642291e+00
-2.635474816076856630e+00
-2.609002736536045308e+00
-2.577815478009150230e+00
-2.541973479805501590e+00
-2.501545536918789558e+00
-2.456608661866069632e+00
-2.407247931920861728e+00
-2.353556322052510197e+00
-2.295634523908715252e+00
-2.233590751202474411e+00
-2.167540531888528577e+00
-2.097606487537088338e+00
-2.023918100334329395e+00
-1.946611468161258740e+00
-1.865829048221497422e+00
-1.781719389709139456e+00
-1.694436856025661964e+00
-1.604141337072210405e+00
-1.510997952160498370e+00
-1.415176744100374195e+00
-1.316852365037179950e+00
-1.216203754624403333e+00
-1.113413811130281816e+00
-1.008669056087124094e+00
-9.021592931028452611e-01
-7.940772614622370051e-01
-6.846182851539223124e-01
-5.739799179646385419e-01
-4.623615852879668364e-01
-3.499642232993382396e-01
-2.369899161509917973e-01
-1.236415318430321708e-01
-1.012235742698780819e-02
1.033642658021095839e-01
2.166153064715196641e-01
3.294284060030520100e-01
4.416022395454972105e-01
5.529368743248143092e-01
6.632341247779500737e-01
7.722979038422990161e-01
8.799345697812310796e-01
9.859532679380511588e-01
1.090166266818225482e+00
1.192389287914762619e+00
1.292441828701913487e+00
1.390147478238241474e+00
1.485334224832916883e+00
1.577834755246787513e+00
1.667486744914483010e+00
1.754133138693028560e+00
1.837622421659069971e+00
1.917808879497235219e+00
1.994552848041433402e+00
2.067720951550935382e+00
2.137186329325701184e+00
2.202828850285564410e+00
2.264535315161817053e+00
2.322199645971847470e+00
2.375723062471422509e+00
2.425014245303032556e+00
2.469989485583282018e+00
2.510572820696950647e+00
2.546696156090550556e+00
2.578299372883716689e+00
2.605330421142202812e+00
2.627745398682340028e+00
2.645508615302634148e+00
2.658592642364473235e+00
2.666978347669784810e+00
2.670654915609976143e+00
2.669619852586350373e+00
2.663878977728369790e+00
2.653446398962006736e+00
2.638344474506153503e+00
2.618603759900553385e+00
2.594262940694034736e+00
2.565368750946634968e+00
2.531975877723969592e+00
2.494146851786156915e+00
2.451951924697667984e+00
2.405468932607365051e+00
2.354783146971161312e+00
2.299987112511667764e+00
2.241180472730912587e+00
2.178469783313150110e+00
2.111968313775216100e+00
2.041795837741651631e+00
1.968078412239946617e+00
1.890948146430946553e+00
1.810542960204865715e+00
1.727006333091827273e+00
1.640487043950057844e+00
1.551138901910697143e+00
1.459120469071537363e+00
1.364594775445476138e+00
1.267729026681208904e+00
1.168694305085541174e+00
1.067665264485511134e+00
9.648198194798950356e-01
8.603388296357588061e-01
7.544057791940452784e-01
6.472064528550672824e-01
5.389286082180148041e-01
4.297616454549833542e-01
3.198962748016613289e-01
2.095241824499860239e-01
9.883769542784358320e-02
-1.197055394694611537e-02
-1.227079634541614894e-01
-2.331822956168196348e-01
-3.432020110245052047e-01
-4.525765997583244271e-01
-5.611169103461224328e-01
-6.686354756828440937e-01
-7.749468353567713352e-01
-8.798678538321894615e-01
-9.832180339453691076e-01
-1.084819825182654629e+00
-1.184498926218250148e+00
-1.282084581202275642e+00
-1.377409869300614709e+00
-1.470311987001989840e+00
-1.560632522721709270e+00
-1.648217723245448241e+00
-1.732918751572770644e+00
-1.814591935735377248e+00
-1.893099008182973053e+00
-1.968307335345600873e+00
-2.040090137001174142e+00
-2.108326695094078218e+00
-2.172902551670681248e+00
-2.233709695617490887e+00
-2.290646737907394037e+00
-2.343619075080347613e+00
-2.392539040706065823e+00
-2.437326044597535990e+00
-2.477906699565932236e+00
-2.514214935529570649e+00
-2.546192100812076031e+00
-2.573787050487100547e+00
-2.596956221649763474e+00
-2.615663695518018361e+00
-2.629881246289598629e+00
-2.639588376703654315e+00
-2.644772340278835010e+00
-2.645428150222621344e+00
-2.641558575029651301e+00
-2.633174120809480545e+00
-2.620293000406898276e+00
-2.602941089400344854e+00
-2.581151869086230732e+00
-2.554966356578969755e+00
-2.524433022177977382e+00
-2.489607694174787778e+00
-2.450553451293653318e+00
-2.407340502980211738e+00
-2.360046057772874128e+00
-2.308754180010617940e+00
-2.253555635151168968e+00
-2.194547723991112420e+00
-2.131834106098386972e+00
-2.065524612784400471e+00
-1.995735049960734475e+00
-1.922586991240769150e+00
-1.846207561662850827e+00
-1.766729212425851347e+00
-1.684289487043074907e+00
-1.599030779332640373e+00
-1.511100083676069072e+00
-1.420648737989006705e+00
-1.327832159857300409e+00
-1.232809576304638277e+00
-1.135743747664769376e+00
-1.036800686042115283e+00
-9.361493688506559163e-01
-8.339614479292797311e-01
-7.304109547368599076e-01
-6.256740021361971715e-01
-5.199284832795181277e-01
-4.133537681124917484e-01
-3.061303980159027494e-01
-1.984397791050727666e-01
-9.046387470952661769e-02
1.761510244664481542e-02
1.256149978428736658e-01
2.333540220201453796e-01
3.406510561833271389e-01
4.473259560360613452e-01
5.531998533397083362e-01
6.580954546945922967e-01
7.618373370475521877e-01
8.642522394359000160e-01
9.651693504865394013e-01
1.064420591197674293e+00
1.161840892538896330e+00
1.257268467416374325e+00
1.350545076560300428e+00
1.441516287903388038e+00
1.530031729031208432e+00
1.615945332297824777e+00
1.699115572214964232e+00
1.779405694734745413e+00
1.856683938062869244e+00
1.930823744653609175e+00
2.001703964053151097e+00
2.069209046275103159e+00
2.133229225408213026e+00
2.193660693173836052e+00
2.250405762167778878e+00
2.303373018540191719e+00
2.352477463884279807e+00
2.397640646124566732e+00
2.438790779213328541e+00
2.475862851463963121e+00
2.508798722368862144e+00
2.537547207769316859e+00
2.562064153264880684e+00
2.582312495769296223e+00
2.598262313140248470e+00
2.609890861830324482e+00
2.617182602526616275e+00
2.620129213766370313e+00
2.618729593536408107e+00
2.612989848883676025e+00
2.602923273584402786e+00
2.588550313938835501e+00
2.569898522778241823e+00
2.547002501789998430e+00
2.519903832285871559e+00
2.488650994557104035e+00
2.453299275978786831e+00
2.413910668043908636e+00
2.370553752525420332e+00
2.323303576981767371e+00
2.272241519839236723e+00
2.217455145299574326e+00
2.159038048338922433e+00
2.097089690078877133e+00
2.031715223825599992e+00
1.963025312087781415e+00
1.891135934898059867e+00
1.816168189776062425e+00
1.738248083683353373e+00
1.657506317334218160e+00
1.574078062235812148e+00
1.488102730844129917e+00
1.399723740230385927e+00
1.309088269664013371e+00
1.216347012525464510e+00
1.121653922971325157e+00
1.025165957781201120e+00
9.270428138225921266e-01
8.274466615755139420e-01
7.265418751644767692e-01
6.244947593496346094e-01
5.214732739316715326e-01
4.176467560297515424e-01
3.131856406918311353e-01
2.082611803004306428e-01
1.030451632343301061e-01
-2.290367749273236088e-03
-1.075733969526001532e-01
-2.126322165349702753e-01
-3.172957062119792782e-01
-4.213936114039099623e-01
-5.247568193814140525e-01
-6.272176329637274561e-01
-7.286100413285535593e-01
-8.287699874998307736e-01
-9.275356320850602909e-01
-1.024747612842170863e+00
-1.120249299664059617e+00
-1.213887044576684504e+00
-1.305510426356645493e+00
-1.394972489384119330e+00
-1.482129976357211776e+00
-1.566843554504789404e+00
-1.648978034947253146e+00
-1.728402584865831315e+00
-1.804990932154376448e+00
-1.878621562240861520e+00
-1.949177906778780667e+00
-2.016548523923435532e+00
-2.080627269922131539e+00
-2.141313461762475612e+00
-2.198512030638040571e+00
-2.252133666006225887e+00
-2.302094950029216047e+00
-2.348318482205181024e+00
-2.390732994012792378e+00
-2.429273453409602546e+00
-2.463881159040930413e+00
-2.494503824033708295e+00
-2.521095649266055894e+00
-2.543617386021687743e+00
-2.562036387954806038e+00
-2.576326652308929877e+00
-2.586468850350893689e+00
-2.592450346998173671e+00
-2.594265209635669756e+00
-2.591914206135233822e+00
-2.585404792108722649e+00
-2.574751087442470610e+00
-2.559973842178294046e+00
-2.541100391823033267e+00
-2.518164602185337220e+00
-2.491206803855014140e+00
-2.460273716456610416e+00
-2.425418362824650842e+00
-2.386699973264168939e+00
-2.344183880074924620e+00
-2.297941402533584476e+00
-2.248049722542183826e+00
-2.194591751165752225e+00
-2.137655986296196797e+00
-2.077336361692440292e+00
-2.013732087660583314e+00
-1.946947483649875688e+00
-1.877091803052427066e+00
-1.804279050506873761e+00
-1.728627792016264930e+00
-1.650260958201538397e+00
-1.569305641022694431e+00
-1.485892884307077333e+00
-1.400157468435816677e+00
-1.312237689545072472e+00
-1.222275133609048048e+00
-1.130414445775809185e+00
-1.036803095336361391e+00
-9.415911367114365715e-01
-8.449309668456764788e-01
-7.469770794044610085e-01
-6.478858161717119257e-01
-5.478151160506228301e-01
-4.469242620710526803e-01
-3.453736268112866936e-01
-2.433244166405358067e-01
-1.409384151912793648e-01
-3.837772646950579625e-02
6.419548198919647342e-02
1.666192355118622792e-01
2.687320078233869092e-01
3.703729753236017497e-01
4.713822697070856882e-01
5.716012285308309515e-01
6.708726433395719724e-01
7.690410049627384170e-01
8.659527456041630211e-01
9.614564773495253291e-01
1.055403226726376431e+00
1.147646664955645157e+00
1.238043333543867641e+00
1.326452864872887716e+00
1.412738197452084288e+00
1.496765785508847202e+00
1.578405802601725361e+00
1.657532338952096396e+00
1.734023592199877006e+00
1.807762051300883188e+00
1.878634673294942825e+00
1.946533052685419207e+00
2.011353583183510096e+00
2.072997611583664579e+00
2.131371583549010573e+00
2.186387181099106236e+00
2.237961451606677254e+00
2.286016928122608594e+00
2.330481740863836748e+00
2.371289719712431854e+00
2.408380487588727359e+00
2.441699544576352743e+00
2.471198342691532712e+00
2.496834351204123337e+00
2.518571112432961279e+00
2.536378287952917532e+00
2.550231695166651491e+00
2.560113334208847125e+00
2.566011405166031878e+00
2.567920315610338289e+00
2.565840678460486135e+00
2.559779300198400609e+00
2.549749159484807848e+00
2.535769376231918670e+00
2.517865171206021824e+00
2.496067816247325322e+00
2.470414575208718322e+00
2.440948635729007332e+00
2.407719031970711576e+00
2.370780558465193089e+00
2.330193675222092864e+00
2.286024404272821275e+00
2.238344217830397387e+00
2.187229918260772621e+00
2.132763510072614110e+00
2.075032064144313182e+00
2.014127574418511202e+00
1.950146807304828478e+00
1.883191144043144583e+00
1.813366416288478389e+00
1.740782735189290165e+00
1.665554314239968914e+00
1.587799286196902582e+00
1.507639514355303412e+00
1.425200398493547072e+00
1.340610675796631623e+00
1.254002217079074111e+00
1.165509818632811889e+00
1.075270990032321627e+00
9.834257382328921437e-01
8.901163483045126945e-01
7.954871611467756454e-01
6.996843485335995094e-01
6.028556858410261121e-01
5.051503228120356459e-01
4.067185527159236647e-01
3.077115802595110083e-01
2.082812886102993200e-01
1.085800058894459130e-01
8.760271494892325067e-03
-9.102539738816284309e-02
-1.906247387322491382e-01
-2.898859777134338844e-01
-3.886580575054153774e-01
-4.867908684722757617e-01
-5.841354754146951267e-01
-6.805443425269640523e-01
-7.758715557279093344e-01
-8.699730420333779968e-01
-9.627067856434178283e-01
-1.053933040423161716e+00
-1.143514538464101227e+00
-1.231316694416798807e+00
-1.317207805296650491e+00
-1.401059245469469916e+00
-1.482745656533450695e+00
-1.562145131822009425e+00
-1.639139395261308030e+00
-1.713613974325648437e+00
-1.785458366843284850e+00
-1.854566201416219418e+00
-1.920835391226366484e+00
-1.984168281013695578e+00
-2.044471787019688236e+00
-2.101657529704222593e+00
-2.155641959052803536e+00
-2.206346472304012707e+00
-2.253697523939679925e+00
-2.297626727790679002e+00
-2.338070951125551744e+00
-2.374972400600353861e+00
-2.408278699961540426e+00
-2.437942959406077748e+00
-2.463923836516095367e+00
-2.486185588698399673e+00
-2.504698117071979535e+00
-2.519437001759894379e+00
-2.530383528555073092e+00
-2.537524706942465347e+00
-2.540853279473207493e+00
-2.540367722499509373e+00
-2.536072238291843917e+00
-2.527976738573050497e+00
-2.516096819516662197e+00
-2.500453728269560472e+00
-2.481074321071521815e+00
-2.457991013056669338e+00
-2.431241719834147386e+00
-2.400869790957139038e+00
-2.366923935401562762e+00
-2.329458139187072785e+00
-2.288531575284275199e+00
-2.244208505963946720e+00
-2.196558177753676233e+00
-2.145654709178961284e+00
-2.091576971475562097e+00
-2.034408462469931678e+00
-1.974237173834175518e+00
-1.911155451931117577e+00
-1.845259852474398832e+00
-1.776650989236637113e+00
-1.705433377046589705e+00
-1.631715269325324957e+00
-1.555608490417091261e+00
-1.477228262978583562e+00
-1.396693030697010895e+00
-1.314124276612538722e+00
-1.229646337327286121e+00
-1.143386213388045913e+00
-1.055473376134362207e+00
-9.660395713084407587e-01
-8.752186197270700463e-01
-7.831462153188767372e-01
-6.899597208341338161e-01
-5.957979615351902680e-01
-5.008010171798427113e-01
-4.051100126095311116e-01
-3.088669072562441054e-01
-2.122142838832548617e-01
-1.152951368732752641e-01
-1.825266037911540615e-02
7.876996334971046732e-02
1.756297751526375295e-01
2.721842493444923683e-01
3.682915029953104935e-01
4.638105037961992028e-01
5.586012762101120188e-01
6.525251056064970134e-01
7.454447400854785633e-01
8.372245896996409753e-01
9.277309227878887121e-01
1.016832059138602640e+00
1.104398559708076100e+00
1.190303412623312740e+00
1.274422215205503139e+00
1.356633351758346651e+00
1.436818166870462266e+00
1.514861133989634290e+00
1.590650019034542728e+00
1.664076038816523440e+00
1.735034014053768781e+00
1.803422516767213546e+00
1.869144011857926557e+00
1.932104992674068544e+00
1.992216110384539052e+00
2.049392296987337492e+00
2.103552881789268802e+00
2.154621701204170403e+00
2.202527201727358275e+00
2.247202535954006208e+00
2.288585651519631448e+00
2.326619372852277934e+00
2.361251475636084951e+00
2.392434753897225708e+00
2.420127079634174283e+00
2.444291454925443308e+00
2.464896056459044971e+00
2.481914272439053715e+00
2.495324731836128240e+00
2.505111325959827440e+00
2.511263222342012380e+00
2.513774870931724692e+00
2.512646002613130758e+00
2.507881620069265960e+00
2.499491981025342202e+00
2.487492573916350480e+00
2.471904086034511394e+00
2.452752364222944514e+00
2.430068368192400907e+00
2.403888116548525300e+00
2.374252625627178759e+00
2.341207841245806609e+00
2.304804563488119573e+00
2.265098364650207419e+00
2.222149500484086548e+00
2.176022814885484991e+00
2.126787638180928308e+00
2.074517679177885654e+00
2.019290911150329659e+00
1.961189451940690942e+00
1.900299438366501947e+00
1.836710895128069287e+00
1.770517598420268790e+00
1.701816934459582820e+00
1.630709753143178897e+00
1.557300217063028791e+00
1.481695646105853914e+00
1.404006357872261246e+00
1.324345504156952735e+00
1.242828903734206847e+00
1.159574871699234011e+00
1.074704045618601223e+00
9.883392087480308286e-01
9.006051105787316047e-01
8.116282849759620666e-01
7.215368661767621594e-01
6.304604029165057355e-01
5.385296709541380622e-01
4.458764842687243379e-01
3.526335052012601889e-01
2.589340538148225956e-01
1.649119167473890313e-01
7.070115583262741310e-02
-2.356408323967766963e-02
-1.177497619492871017e-01
-2.117221393868990165e-01
-3.053479618409696839e-01
-3.984946512629352622e-01
-4.910304923451111470e-01
-5.828248179495221226e-01
-6.737481926277195665e-01
-7.636725939770220295e-01
-8.524715915802058008e-01
-9.400205232819826007e-01
-1.026196668559079095e+00
-1.110879418745583935e+00
-1.193950443881002244e+00
-1.275293855953645528e+00
-1.354796368317788158e+00
-1.432347451068851418e+00
-1.507839482168678913e+00
-1.581167894117414985e+00
-1.652231315977292780e+00
-1.720931710560053673e+00
-1.787174506597506651e+00
-1.850868725721372288e+00
-1.911927104088541052e+00
-1.970266208493372639e+00
-2.025806546819062692e+00
-2.078472672687384559e+00
-2.128193284175355249e+00
-2.174901316475505997e+00
-2.218534028386072166e+00
-2.259033082526197056e+00
-2.296344619180125335e+00
-2.330419323684082222e+00
-2.361212487278513628e+00
-2.388684061358352650e+00
-2.412798705062516369e+00
-2.433525826154684157e+00
-2.450839615155570694e+00
-2.464719072697736824e+00
-2.475148030082804596e+00
-2.482115163030853111e+00
-2.485613998621290399e+00
-2.485642915434061795e+00
-2.482205136909533483e+00
-2.475308717954819659e+00
-2.464966524833699602e+00
-2.451196208386605679e+00
-2.434020170636133962e+00
-2.413465524843058319e+00
-2.389564049086033926e+00
-2.362352133447866098e+00
-2.331870720899151816e+00
-2.298165241979024387e+00
-2.261285543380849639e+00
-2.221285810559105567e+00
-2.178224484481393386e+00
-2.132164172657315948e+00
-2.083171554583858942e+00
-2.031317281753782567e+00
-1.976675872380718291e+00
-1.919325601001737658e+00
-1.859348383124855619e+00
-1.796829655094766220e+00
-1.731858249356274193e+00
-1.664526265301876196e+00
-1.594928935893367594e+00
-1.523164490254666825e+00
-1.449334012436529928e+00
-1.373541296559493086e+00
-1.295892698545055843e+00
-1.216496984649445334e+00
-1.135465177018083471e+00
-1.052910396482668931e+00
-9.689477028241864076e-01
-8.836939327311000847e-01
-7.972675356808465175e-01
-7.097884079775713673e-01
-6.213777251798406898e-01
-5.321577731529749666e-01
-4.422517779830256734e-01
-3.517837349894126220e-01
-2.608782370737706136e-01
-1.696603026430568151e-01
-7.825520334417027102e-02
1.321170815183911676e-02
1.046151700808187479e-01
1.958301829957852513e-01
2.867321804227288551e-01
3.771971985306047936e-01
4.671020445852080982e-01
5.563244639591796714e-01
6.447433054742126579e-01
7.322386848532410619e-01
8.186921460640519399e-01
9.039868203399574753e-01
9.880075826660508209e-01
1.070641205524587969e+00
1.151776509696853301e+00
1.231304511924111500e+00
1.309118569234173801e+00
1.385114519746744932e+00
1.459190819774528691e+00
1.531248677044297901e+00
1.601192179866436582e+00
1.668928422088889141e+00
1.734367623676663639e+00
1.797423246765389448e+00
1.858012107043272243e+00
1.916054480323254872e+00
1.971474204173914169e+00
2.024198774484545105e+00
2.074159436847724969e+00
2.121291272649530324e+00
2.165533279765167407e+00
2.206828447766193690e+00
2.245123827551926077e+00
2.280370595326620009e+00
2.312524110851330139e+00
2.341543969907818212e+00
2.367394050918974369e+00
2.390042555679676273e+00
2.409462044158925398e+00
2.425629463342750647e+00
2.438526170095682399e+00
2.448137948026388955e+00
2.454455018351385576e+00
2.457472044758902019e+00
2.457188132282944970e+00
2.453606820205750605e+00
2.446736069014751713e+00
2.436588241448125913e+00
2.423180077670869625e+00
2.406532664631037211e+00
2.386671399653535364e+00
2.363625948336367522e+00
2.337430196821779660e+00
2.308122198521833646e+00
2.275744115385438970e+00
2.240342153800733982e+00
2.201966495233679488e+00
2.160671221710191325e+00
2.116514236256336723e+00
2.069557178416784549e+00
2.019865334978288018e+00
1.967507546030986321e+00
1.912556106506018594e+00
1.855086663333787467e+00
1.795178108371547010e+00
1.732912467256563227e+00
1.668374784342673944e+00
1.601653003886142068e+00
1.532837847648478302e+00
1.462022689089918837e+00
1.389303424330436298e+00
1.314778340058952777e+00
1.238547978574954245e+00
1.160715000150226439e+00
1.081384042900871645e+00
1.000661580362734782e+00
9.186557769658882933e-01
8.354763416058808012e-01
7.512343795111608991e-01
6.660422426080222502e-01
5.800133785854705293e-01
4.932621788634970472e-01
4.059038256700948644e-01
3.180541384299235830e-01
2.298294196718247973e-01
1.413463006596753502e-01
5.272158695014114022e-02
-3.592789591650027287e-02
-1.244854563901669486e-01
-2.128346903468802676e-01
-3.008596337865080961e-01
-3.884449145913879686e-01
-4.754759031500950806e-01
-5.618388616505015642e-01
-6.474210918490536093e-01
-7.321110811261452023e-01
-8.157986466405398041e-01
-8.983750773981340476e-01
-9.797332740545187102e-01
-1.059767886274007864e+00
-1.138375447471303481e+00
-1.215454506766759035e+00
-1.290905757989440961e+00
-1.364632165567632560e+00
-1.436539087149860006e+00
-1.506534392805876532e+00
-1.574528580660137678e+00
-1.640434888817008385e+00
-1.704169403441900599e+00
-1.765651162867063917e+00
-1.824802257597961663e+00
-1.881547926100279655e+00
-1.935816646255465123e+00
-1.987540222376331878e+00
-2.036653867682673535e+00
-2.083096282141680078e+00
-2.126809725585038446e+00
-2.167740086020316426e+00
-2.205836943061663558e+00
-2.241053626411043886e+00
-2.273347269327375741e+00
-2.302678857028736203e+00
-2.329013269978756018e+00
-2.352319322015453018e+00
-2.372569793287591544e+00
-2.389741457970439686e+00
-2.403815106739720875e+00
-2.414775563989482343e+00
-2.422611699786398454e+00
-2.427316436559863178e+00
-2.428886750534208439e+00
-2.427323667915955774e+00
-2.422632255855963201e+00
-2.414821608212942117e+00
-2.403904826151416874e+00
-2.389898993613939648e+00
-2.372825147713609084e+00
-2.352708244099710466e+00
-2.329577117355216220e+00
-2.303464436491436285e+00
-2.274406655611144412e+00
-2.242443959817272958e+00
-2.207620206450513045e+00
-2.169982861744675695e+00
-2.129582932994400490e+00
-2.086474896334843621e+00
-2.040716620239341417e+00
-1.992369284844842880e+00
-1.941497297220919682e+00
-1.888168202702613208e+00
-1.832452592412126879e+00
-1.774424007098706957e+00
-1.714158837430571181e+00
-1.651736220876597327e+00
-1.587237935319832260e+00
-1.520748289547945831e+00
-1.452354010770063875e+00
-1.382144129311896119e+00
-1.310209860645045410e+00
-1.236644484908393737e+00
-1.161543224083020354e+00
-1.085003116983866756e+00
-1.007122892233848210e+00
-9.280028393886783356e-01
-8.477446783810916875e-01
-7.664514274564813157e-01
-6.842272697723706942e-01
-6.011774188344506387e-01
-5.174079829449278467e-01
-4.330258288379483234e-01
-3.481384446773712060e-01
-2.628538025934066824e-01
-1.772802209338387169e-01
-9.152622640539075094e-02
-5.700416280654514202e-03
8.008867915500421375e-02
1.657327337427255964e-01
2.511237620027844120e-01
3.361542549301455018e-01
4.207173148620316216e-01
5.047067892503878106e-01
5.880174031727686268e-01
6.705448904179417413e-01
7.521861229845064889e-01
8.328392388333222263e-01
9.124037677380909539e-01
9.907807550801095431e-01
1.067872883437152698e+00
1.143584591819622354e+00
1.217822192410483950e+00
1.290493984668786176e+00
1.361510366661341953e+00
1.430783943489372545e+00
1.498229632683371948e+00
1.563764766441539722e+00
1.627309190592329147e+00
1.688785360166801475e+00
1.748118431470297107e+00
1.805236350547526403e+00
1.860069937941151830e+00
1.912552969648129819e+00
1.962622254182586623e+00
2.010217705661073495e+00
2.055282412829262828e+00
2.097762703955702968e+00
2.137608207523392867e+00
2.174771908655411146e+00
2.209210201216227354e+00
2.240882935536245846e+00
2.269753461712578968e+00
2.295788668444709302e+00
2.318959017369445874e+00
2.339238572865585120e+00
2.356605027303807276e+00
2.371039721723929627e+00
2.382527661926570062e+00
2.391057529972751894e+00
2.396621691090190520e+00
2.399216195991007439e+00
2.398840778611265101e+00
2.395498849288294263e+00
2.389197483397484501e+00
2.379947405475766331e+00
2.367762968864457029e+00
2.352662130909741300e+00
2.334666423764298671e+00
2.313800920838851471e+00
2.290094198958010363e+00
2.263578296279336488e+00
2.234288666040170401e+00
2.202264126201283201e+00
2.167546805061602022e+00
2.130182082922644327e+00
2.090218529886272769e+00
2.047707839873675439e+00
2.002704760957603192e+00
1.955267022104921093e+00
1.905455256429606337e+00
1.853332921061177752e+00
1.798966213736792774e+00
1.742423986229095112e+00
1.683777654725655992e+00
1.623101107278662525e+00
1.560470608447356522e+00
1.495964701258399421e+00
1.429664106611735486e+00
1.361651620263714113e+00
1.292012007520242367e+00
1.220831895775307485e+00
1.148199665033462269e+00
1.074205336556028900e+00
9.989404597724517165e-01
9.224979975998564008e-01
8.449722103170329568e-01
7.664585381369851680e-01
6.870534826270100481e-01
6.068544871232077753e-01
5.259598162891543360e-01
4.444684349672529122e-01
3.624798864733469461e-01
2.800941704838598723e-01
1.974116206657232642e-01
1.145327821987738026e-01
3.155828933981567191e-02
-5.141125682291167176e-02
-1.342754102765162938e-01
-2.169340015046682946e-01
-2.992872582772120316e-01
-3.812359256631007720e-01
-4.626813851236257769e-01
-5.435257725441712262e-01
-6.236720950643688255e-01
-7.030243465688569282e-01
-7.814876217021579086e-01
-8.589682282751300857e-01
-9.353737979304769246e-01
-1.010613394939122500e+00
-1.084597623001586797e+00
-1.157238729931280963e+00
-1.228450710098509591e+00
-1.298149404519490568e+00
-1.366252598475957925e+00
-1.432680116554264194e+00
-1.497353914998074798e+00
-1.560198171270696932e+00
-1.621139370727325613e+00
-1.680106390301749686e+00
-1.737030579115194984e+00
-1.791845835919851471e+00
-1.844488683292776487e+00
-1.894898338501339596e+00
-1.943016780963977785e+00
-1.988788816236195522e+00
-2.032162136454690238e+00
-2.073087377177721180e+00
-2.111518170564250063e+00
-2.147411194838930726e+00
-2.180726219994483461e+00
-2.211426149688084042e+00
-2.239477059292608097e+00
-2.264848230068718937e+00
-2.287512179428402792e+00
-2.307444687265077121e+00
-2.324624818330724096e+00
-2.339034940644810323e+00
-2.350660739924758325e+00
-2.359491230032433773e+00
-2.365518759436138208e+00
-2.368739013691847806e+00
-2.369151013952737639e+00
-2.366757111520340295e+00
-2.361562978455521655e+00
-2.353577594272044493e+00
-2.342813228740078468e+00
-2.329285420831570530e+00
-2.313012953843801789e+00
-2.294017826741977295e+00
-2.272325221765933101e+00
-2.247963468350429928e+00
-2.220964003412534638e+00
-2.191361328064044489e+00
-2.159192960810544015e+00
-2.124499387302930309e+00
-2.087324006710935098e+00
-2.047713074792013810e+00
-2.005715643732843834e+00
-1.961383498843351836e+00
-1.914771092187997459e+00
-1.865935473241492115e+00
-1.814936216658866286e+00
-1.761835347254285367e+00
-1.706697262285062688e+00
-1.649588651139992868e+00
-1.590578412534288333e+00
-1.529737569316345303e+00
-1.467139180992732328e+00
-1.402858254081638556e+00
-1.336971650406124645e+00
-1.269557993440748822e+00
-1.200697572827858828e+00
-1.130472247180170031e+00
-1.058965345288864546e+00
-9.862615658580439204e-01
-9.124468758867209095e-01
-8.376084078217982398e-01
-7.618343556051133669e-01
-6.852138697407778034e-01
-6.078369515067800766e-01
-5.297943464380558964e-01
-4.511774372070366246e-01
-3.720781360282340300e-01
-2.925887767148004359e-01
-2.128020065120790616e-01
-1.328106778369570196e-01
-5.270774004768628146e-02
2.741386862916444719e-02
1.074613288897055124e-01
1.873420477364428904e-01
2.669637653324358761e-01
3.462346612022181302e-01
4.250634596584969005e-01
5.033595343348921114e-01
5.810330117054779420e-01
6.579948734749601069e-01
7.341570577235527750e-01
8.094325586933330818e-01
8.837355251047090965e-01
9.569813568936281767e-01
1.029086800262244639e+00
1.099970040938216487e+00
1.169550795540395649e+00
1.237750400950875518e+00
1.304491901596554593e+00
1.369700134545055459e+00
1.433301812324222491e+00
1.495225603376277634e+00
1.555402210060541801e+00
1.613764444123121811e+00
1.670247299553633047e+00
1.724788022753191763e+00
1.777326179941000950e+00
1.827803721730652198e+00
1.876165044810051086e+00
1.922357050662802935e+00
1.966329201272969174e+00
2.008033571758354174e+00
2.047424899880427418e+00
2.084460632384423917e+00
2.119100968125798623e+00
2.151308897942989962e+00
2.181050241241112797e+00
2.208293679254240249e+00
2.233010784958582740e+00
2.255176049612185984e+00
2.274766905901081770e+00
2.291763747675702234e+00
2.306149946265328321e+00
2.317911863362094316e+00
2.327038860470417969e+00
2.333523304921278019e+00
2.337360572454872720e+00
2.338549046379045926e+00
2.337090113314786333e+00
2.332988155543860298e+00
2.326250539977563037e+00
2.316887603769252291e+00
2.304912636597174380e+00
2.290341859647648803e+00
2.273194401332409686e+00
2.253492269777614521e+00
2.231260322125180551e+00
2.206526230690994073e+00
2.179320446027786851e+00
2.149676156943854277e+00
2.117629247531598757e+00
2.083218251264244092e+00
2.046484302220718643e+00
2.007471083502835096e+00
1.966224772911377539e+00
1.922793985950494999e+00
1.877229716233075774e+00
1.829585273361787001e+00
1.779916218363446712e+00
1.728280296756938395e+00
1.674737369337105930e+00
1.619349340759044020e+00
1.562180086010215518e+00
1.503295374859218159e+00
1.442762794371841295e+00
1.380651669587611430e+00
1.317032982451476597e+00
1.251979289095966674e+00
1.185564635572997849e+00
1.117864472132764853e+00
1.048955566151365648e+00
9.789159138079077671e-01
9.078246506142181316e-01
8.357619608999297123e-01
7.628089863585492125e-01
6.890477337574704153e-01
6.145609819196149459e-01
5.394321880813146564e-01
4.637453937329362730e-01
3.875851300494349005e-01
3.110363230167246806e-01
2.341841983602447608e-01
1.571141863831245489e-01
7.991182681942492205e-02
2.662673807348390348e-03
-7.454779891038579298e-02
-1.516342924559229699e-01
-2.285117768518553638e-01
-3.050955845181536064e-01
-3.813015031303537139e-01
-4.570458677369100275e-01
-5.322456520365780319e-01
-6.068185587164819372e-01
-6.806831087546667547e-01
-7.537587295911802876e-01
-8.259658420732242101e-01
-8.972259460828263533e-01
-9.674617047557056981e-01
-1.036597027203282950e+00
-1.104557149650972958e+00
-1.171268714907734321e+00
-1.236659850084753209e+00
-1.300660242483257845e+00
-1.363201213572705406e+00
-1.424215790984423524e+00
-1.483638778447582185e+00
-1.541406823596121134e+00
-1.597458483579908828e+00
-1.651734288413665874e+00
-1.704176802001312163e+00
-1.754730680776648288e+00
-1.803342729902165154e+00
-1.849961956972554056e+00
-1.894539623172040388e+00
-1.937029291836509071e+00
-1.977386874375440362e+00
-2.015570673512540267e+00
-2.051541423804251973e+00
-2.085262329401702530e+00
-2.116699099022561814e+00
-2.145819978103526093e+00
-2.172595778106622966e+00
-2.196999902956656481e+00
-2.219008372589235556e+00
-2.238599843592975258e+00
-2.255755626932323121e+00
-2.270459702740364794e+00
-2.282698732174916145e+00
-2.292462066333896598e+00
-2.299741752229198966e+00
-2.304532535821889994e+00
-2.306831862124325561e+00
-2.306639872378101863e+00
-2.303959398320002183e+00
-2.298795953551047155e+00
-2.291157722026996968e+00
-2.281055543691544507e+00
-2.268502897276726049e+00
-2.253515880297712659e+00
-2.236113186272404185e+00
-2.216316079198890066e+00
-2.194148365327134087e+00
-2.169636362263041462e+00
-2.142808865447341837e+00
-2.113697112052944416e+00
-2.082334742347839107e+00
-2.048757758572991250e+00
-2.013004481387486333e+00
-1.975115503934698813e+00
-1.935133643586939067e+00
-1.893103891427345919e+00
-1.849073359530028826e+00
-1.803091226102680800e+00
-1.755208678556432478e+00
-1.705478854570667613e+00
-1.653956781222755579e+00
-1.600699312252948259e+00
-1.545765063538362849e+00
-1.489214346850399773e+00
-1.431109101971502984e+00
-1.371512827249525612e+00
-1.310490508668515464e+00
-1.248108547516022515e+00
-1.184434686729623598e+00
-1.119537936003978551e+00
-1.053488495743278408e+00
-9.863576799432183240e-01
-9.182178380887989766e-01
-8.491422761525981855e-01
-7.792051767825747266e-01
-7.084815187654125435e-01
-6.370469958537693378e-01
-5.649779350455704785e-01
-4.923512144045755767e-01
-4.192441805099480501e-01
-3.457345656241881393e-01
-2.719004046687018006e-01
-1.978199520942278411e-01
-1.235715987363762425e-01
-4.923378874275551043e-02
2.511506333923095927e-02
9.939665522729751457e-02
1.735328792355045058e-01
2.474459041848692809e-01
3.210582568089107025e-01
3.942929025692860079e-01
4.670733257984502340e-01
5.393236090859983012e-01
6.109685118286273253e-01
6.819335478620900393e-01
7.521450620973186840e-01
8.215303060827685577e-01
8.900175124164547702e-01
9.575359679331718610e-01
1.024016085594675607e+00
1.089389475009475028e+00
1.153589011514044804e+00
1.216548903747010302e+00
1.278204759649691935e+00
1.338493650828982195e+00
1.397354175220401729e+00
1.454726517990924117e+00
1.510552510622753308e+00
1.564775688123106745e+00
1.617341344304375816e+00
1.668196585084626316e+00
1.717290379757951069e+00
1.764573610187246011e+00
1.809999117875606522e+00
1.853521748872986485e+00
1.895098396478404057e+00
1.934688041700123318e+00
1.972251791438720092e+00
2.007752914360228846e+00
2.041156874429659318e+00
2.072431362076788020e+00
2.101546322969949365e+00
2.128473984374962047e+00
2.153188879079513285e+00
2.175667866865789613e+00
2.195890153517205068e+00
2.213837307346541383e+00
2.229493273236746731e+00
2.242844384187553164e+00
2.253879370363675694e+00
2.262589365643178141e+00
2.268967911667215898e+00
2.273010959394694552e+00
2.274716868168140671e+00
2.274086402299692278e+00
2.271122725188429392e+00
2.265831390982998350e+00
2.258220333805812885e+00
2.248299854557695099e+00
2.236082605324144268e+00
2.221583571406839042e+00
2.204820051006498360e+00
2.185811632585239916e+00
2.164580169939114729e+00
2.141149755013849187e+00
2.115546688498429972e+00
2.087799448234191502e+00
2.057938655478508405e+00
2.025997039064336924e+00
1.992009397499333812e+00
1.956012559049717048e+00
1.918045339855851461e+00
1.878148500129213305e+00
1.836364698481287139e+00
1.792738444436726697e+00
1.747316049185607234e+00
1.700145574630288925e+00
1.651276780784487697e+00
1.600761071582912143e+00
1.548651439162858523e+00
1.495002406677980789e+00
1.439869969708350572e+00
1.383311536330213753e+00
1.325385865910824190e+00
1.266153006694670236e+00
1.205674232248710842e+00
1.144011976833704036e+00
1.081229769772363403e+00
1.017392168882465642e+00
9.525646930461654227e-01
8.868137539871359110e-01
8.202065873260302453e-01
7.528111829868343596e-01
6.846962150274904513e-01
6.159309709658404852e-01
5.465852806757780513e-01
4.767294449254050881e-01
4.064341636313568706e-01
3.357704639021600879e-01
2.648096279446806034e-01
1.936231209050210678e-01
1.222825187190448859e-01
5.085943604401046980e-02
-2.057454565726064832e-02
-9.194794980572561227e-02
-1.631894760991921267e-01
-2.342280715377632327e-01
-3.049930010120463497e-01
-3.754139173827636955e-01
-4.454209309862747213e-01
-5.149446784945973521e-01
-5.839163910657514389e-01
-6.522679617168809507e-01
-7.199320118554040082e-01
-7.868419569049901474e-01
-8.529320709625963781e-01
-9.181375504255742115e-01
-9.823945765289885390e-01
-1.045640376732905663e+00
-1.107813284903326867e+00
-1.168852800230149036e+00
-1.228699644826789728e+00
-1.287295819959654919e+00
-1.344584660854385216e+00
-1.400510890030099320e+00
-1.455020669111974252e+00
-1.508061649077204969e+00
-1.559583018887807038e+00
-1.609535552467793451e+00
-1.657871653983862048e+00
-1.704545401389264248e+00
-1.749512588193502749e+00
-1.792730763422700102e+00
-1.834159269736060027e+00
-1.873759279666933120e+00
-1.911493829958981427e+00
-1.947327853968893629e+00
-1.981228212110466957e+00
-2.013163720316045513e+00
-2.043105176493394737e+00
-2.071025384958658400e+00
-2.096899178827630550e+00
-2.120703440349937630e+00
-2.142417119172572271e+00
-2.162021248521714956e+00
-2.179498959293235227e+00
-2.194835492045303038e+00
-2.208018206887456980e+00
-2.219036591263751301e+00
-2.227882265628815972e+00
-2.234548987018089683e+00
-2.239032650515695444e+00
-2.241331288625141305e+00
-2.241445068550304232e+00
-2.239376287396148690e+00
-2.235129365300571713e+00
-2.228710836510810811e+00
-2.220129338419809084e+00
-2.209395598579819708e+00
-2.196522419712559238e+00
-2.181524662736999964e+00
-2.164419227837820259e+00
-2.145225033599260200e+00
-2.123962994231209933e+00
-2.100655994915598068e+00
-2.075328865303568637e+00
-2.048008351194962273e+00
-2.018723084433614368e+00
-1.987503551053805051e+00
-1.954382057714100007e+00
-1.919392696457052905e+00
-1.882571307834457475e+00
-1.843955442438984349e+00
-1.803584320884872305e+00
-1.761498792281853687e+00
-1.717741291246531521e+00
-1.672355793498874421e+00
-1.625387770090357842e+00
-1.576884140312708960e+00
-1.526893223337899119e+00
-1.475464688639189115e+00
-1.422649505245520363e+00
-1.368499889882131670e+00
-1.313069254051505430e+00
-1.256412150107640624e+00
-1.198584216380927714e+00
-1.139642121408272590e+00
-1.079643507325020346e+00
-1.018646932476797051e+00
-9.567118133086073284e-01
-8.938983655887794422e-01
-8.302675450273822033e-01
-7.658809873479266450e-01
-7.008009478706330730e-01
-6.350902406687256585e-01
-5.688121773554344340e-01
-5.020305055630824853e-01
-4.348093471737006777e-01
-3.672131363607112897e-01
-2.993065575023192149e-01
-2.311544830257609984e-01
-1.628219112425723925e-01
-9.437390423376022797e-02
-2.587552584474419465e-02
4.260822015228724058e-02
1.110124516686319118e-01
1.792724696251844496e-01
2.473238189366860629e-01
3.151023490967204688e-01
3.825442743069236151e-01
4.495862330964557341e-01
5.161653473737926046e-01
5.822192808594599533e-01
6.476862968442017587e-01
7.125053152215735652e-01
7.766159687414452284e-01
8.399586584356377728e-01
9.024746081642271989e-01
9.641059182345422807e-01
1.024795618045359680e+00
1.084487717708896071e+00
1.143127258605810326e+00
1.200660362828961603e+00
1.257034281472093395e+00
1.312197441722825930e+00
1.366099492718666708e+00
1.418691350126790596e+00
1.469925239410487583e+00
1.519754737745114825e+00
1.568134814548924671e+00
1.615021870595291453e+00
1.660373775673695818e+00
1.704149904769491464e+00
1.746311172733089334e+00
1.786820067410881396e+00
1.825640681211744942e+00
1.862738741085612659e+00
1.898081636889894730e+00
1.931638448123386809e+00
1.963379969008055337e+00
1.993278731900191447e+00
2.021309029014831893e+00
2.047446932448857115e+00
2.071670312489446886e+00
2.093958854196477315e+00
2.114294072249392364e+00
2.132659324049983152e+00
2.149039821075073409e+00
2.163422638474103099e+00
2.175796722908387881e+00
2.186152898630946417e+00
2.194483871806724551e+00
2.200784233075129936e+00
2.205050458358476018e+00
2.207280907921206126e+00
2.207475823686677607e+00
2.205637324819790912e+00
2.201769401585267349e+00
2.195877907493038794e+00
2.187970549743682547e+00
2.178056877988427953e+00
2.166148271419748639e+00
2.152257924209939777e+00
2.136400829316768668e+00
2.118593760676532156e+00
2.098855253806234611e+00
2.077205584838229591e+00
2.053666748011898413e+00
2.028262431648025998e+00
2.001017992633242315e+00
1.971960429443117224e+00
1.941118353733172430e+00
1.908521960529271144e+00
1.874202997049011499e+00
1.838194730187434844e+00
1.800531912701690107e+00
1.761250748129492338e+00
1.720388854478165364e+00
1.677985226721675716e+00
1.634080198143653018e+00
1.588715400566006464e+00
1.541933723503181808e+00
1.493779272282798498e+00
1.444297325174838331e+00
1.393534289571355389e+00
1.341537657260163607e+00
1.288355958836748361e+00
1.234038717297979426e+00
1.178636400863329436e+00
1.122200375069283051e+00
1.064782854182466432e+00
1.006436851978186109e+00
9.472161319318364026e-01
8.871751568693416745e-01
8.263690381254400474e-01
7.648534842566644398e-01
7.026847493573984416e-01
6.399195810273703433e-01
5.766151680392206380e-01
5.128290877532601932e-01
4.486192533294925400e-01
3.840438607850698571e-01
3.191613359438538189e-01
2.540302813291793194e-01
1.887094230460399646e-01
1.232575577011550821e-01
5.773349940898826749e-02
-7.803973068692797617e-03
-7.329616900327511064e-02
-1.386845381516631226e-01
-2.039107229353398776e-01
-2.689166102990791507e-01
-3.336443832044402868e-01
-3.980365717122300584e-01
-4.620361036105729013e-01
-5.255863545429284578e-01
-5.886311975945454078e-01
-6.511150522936407503e-01
-7.129829329850485564e-01
-7.741804965365620683e-01
-8.346540893356069191e-01
-8.943507935378867124e-01
-9.532184725290844263e-01
-1.011205815560573873e+00
-1.068262381523213067e+00
-1.124338641822722362e+00
-1.179386022320731531e+00
-1.233356944307957281e+00
-1.286204864476475418e+00
-1.337884313857758523e+00
-1.388350935696311073e+00
-1.437561522228298028e+00
-1.485474050336480722e+00
-1.532047716052949538e+00
-1.577242967883709657e+00
-1.621021538928789196e+00
-1.663346477773936183e+00
-1.704182178130304814e+00
-1.743494407200330887e+00
-1.781250332748831822e+00
-1.817418548859947247e+00
-1.851969100361209097e+00
-1.884873505898012835e+00
-1.916104779642572753e+00
-1.945637451622582947e+00
-1.973447586656782660e+00
-1.999512801884908431e+00
-2.023812282881737090e+00
-2.046326798345648790e+00
-2.067038713353710921e+00
-2.085932001176275641e+00
-2.102992253646019272e+00
-2.118206690076633869e+00
-2.131564164728735111e+00
-2.143055172821277221e+00
-2.152671855088010844e+00
-2.160408000879984858e+00
-2.166259049816464444e+00
-2.170222091987648483e+00
-2.172295866713920276e+00
-2.172480759867756905e+00
-2.170778799765469724e+00
-2.167193651637280727e+00
-2.161730610685403065e+00
-2.154396593741069843e+00
-2.145200129532532252e+00
-2.134151347577295077e+00
-2.121261965713002962e+00
-2.106545276282465018e+00
-2.090016130989522214e+00
-2.071690924443461146e+00
-2.051587576410770719e+00
-2.029725512794152031e+00
-2.006125645359744691e+00
-1.980810350234238681e+00
-1.953803445195094524e+00
-1.925130165777562796e+00
-1.894817140223079122e+00
-1.862892363295192810e+00
-1.829385168989431820e+00
-1.794326202164086670e+00
-1.757747389120805970e+00
-1.719681907164256396e+00
-1.680164153169201535e+00
-1.639229711187690119e+00
-1.596915319126064770e+00
-1.553258834524258614e+00
-1.508299199470078733e+00
-1.462076404681812658e+00
-1.414631452792292077e+00
-1.366006320869999291e+00
-1.316243922210784234e+00
-1.265388067436480357e+00
-1.213483424935988708e+00
-1.160575480685038130e+00
-1.106710497481245614e+00
-1.051935473631718354e+00
-9.962981011303643220e-01
-9.398467233621692341e-01
-8.826302923736286665e-01
-8.246983257451712124e-01
-7.661008631066384966e-01
-7.068884223317472015e-01
-6.471119554515645245e-01
-5.868228043253790327e-01
-5.260726561075310670e-01
-4.649134985485878779e-01
-4.033975751703724466e-01
-3.415773403530086294e-01
-2.795054143721045214e-01
-2.172345384258365097e-01
-1.548175296889333641e-01
-9.230723643233101905e-02
-2.975649324653089484e-02
3.278192359404467210e-02
9.525534058800284865e-02
1.576112312479957533e-01
2.197972600894147477e-01
2.817613263302176096e-01
3.434516072654332230e-01
4.048166012813160797e-01
4.658051704736571041e-01
5.263665828357828591e-01
5.864505539817079782e-01
6.460072883714254033e-01
7.049875200043287382e-01
7.633425525493608976e-01
8.210242988789656637e-01
8.779853199762641669e-01
9.341788631850254099e-01
9.895588997711189938e-01
1.044080161768243142e+00
1.097698178077996189e+00
1.150369309797012241e+00
1.202050784743766476e+00
1.252700731159997138e+00
1.302278210559862925e+00
1.350743249703087123e+00
1.398056871668189372e+00
1.444181126003225568e+00
1.489079117931067620e+00
1.532715036589237467e+00
1.575054182283202708e+00
1.616062992734175863e+00
1.655709068303075959e+00
1.693961196172675931e+00
1.730789373472096271e+00
1.766164829327437458e+00
1.800060045824370736e+00
1.832448777868595835e+00
1.863306071932136154e+00
1.892608283672862823e+00
1.920333094417318254e+00
1.946459526497131165e+00
1.970967957429231587e+00
1.993840132933710096e+00
2.015059178781338556e+00
2.034609611465649781e+00
2.052477347694646959e+00
2.068649712698599874e+00
2.083115447350747385e+00
2.095864714099930026e+00
2.106889101713681711e+00
2.116181628832349837e+00
2.123736746335716408e+00
2.129550338523814368e+00
2.133619723115574018e+00
2.135943650069241695e+00
2.136522299229744792e+00
2.135357276809044969e+00
2.132451610706489920e+00
2.127809744677089387e+00
2.121437531356591855e+00
2.113342224153010651e+00
2.103532468015454349e+00
2.092018289091532868e+00
2.078811083285924788e+00
2.063923603733365031e+00
2.047369947199892959e+00
2.029165539427662424e+00
2.009327119438704568e+00
1.987872722814234105e+00
1.964821663966971999e+00
1.940194517424212339e+00
1.914013098140584068e+00
1.886300440860015026e+00
1.857080778547172351e+00
1.826379519908737814e+00
1.794223226026736118e+00
1.760639586125823497e+00
1.725657392496831255e+00
1.689306514600873887e+00
1.651617872377053153e+00
1.612623408778868894e+00
1.572356061564053054e+00
1.530849734363546544e+00
1.488139267055101245e+00
1.444260405469270703e+00
1.399249770452843045e+00
1.353144826318598781e+00
1.305983848708238249e+00
1.257805891897147976e+00
1.208650755568358104e+00
1.158558951085977062e+00
1.107571667295392359e+00
1.055730735880905158e+00
1.003078596309362025e+00
9.496582603900720621e-01
8.955132764804405454e-01
8.406876933679328090e-01
7.852260238578734342e-01
7.291732080980877218e-01
6.725745766702384554e-01
6.154758134786174617e-01
5.579229184668335062e-01
4.999621701929373163e-01
4.416400882932137728e-01
3.830033958653869530e-01
3.240989818015514445e-01
2.649738631015872703e-01
2.056751471956842214e-01
1.462499943085098508e-01
8.674557989273261327e-02
2.720905716260903565e-02
-3.231248024262296098e-02
-9.177203543696614563e-02
-1.511227452776372493e-01
-2.103179171390027746e-01
-2.693110654407857574e-01
-3.280559479034214077e-01
-3.865066015022113888e-01
-4.446173780928515673e-01
-5.023429796811997861e-01
-5.596384933106904880e-01
-6.164594255410704715e-01
-6.727617364926482546e-01
-7.285018734302517451e-01
-7.836368038625338706e-01
-8.381240481318058544e-01
-8.919217114709558913e-01
-9.449885155029238426e-01
-9.972838291610609529e-01
-1.048767699007532750e+00
-1.099400878928222802e+00
-1.149144859181961298e+00
-1.197961894785556591e+00
-1.245815033212514411e+00
-1.292668141387294023e+00
-1.338485931956506558e+00
-1.383233988818150628e+00
-1.426878791892204124e+00
-1.469387741115806278e+00
-1.510729179646593590e+00
-1.550872416259267306e+00
-1.589787746920540146e+00
-1.627446475528297132e+00
-1.663820933802556246e+00
-1.698884500314554291e+00
-1.732611618643165041e+00
-1.764977814647245458e+00
-1.795959712843431921e+00
-1.825535051880059267e+00
-1.853682699098513575e+00
-1.880382664173622320e+00
-1.905616111825868986e+00
-1.929365373599243982e+00
-1.951613958698516837e+00
-1.972346563880805537e+00
-1.991549082397952697e+00
-2.009208611985182191e+00
-2.025313461893894829e+00
-2.039853158966627333e+00
-2.052818452752576572e+00
-2.064201319663412804e+00
-2.073994966169725451e+00
-2.082193831038906762e+00
-2.088793586616306985e+00
-2.093791139152152869e+00
-2.097184628177405141e+00
-2.098973424932467413e+00
-2.099158129853473831e+00
-2.097740569121401055e+00
-2.094723790280166309e+00
-2.090112056930382156e+00
-2.083910842506303762e+00
-2.076126823143978672e+00
-2.066767869649448475e+00
-2.055843038576490311e+00
-2.043362562423858719e+00
-2.029337838962852025e+00
-2.013781419706585751e+00
-1.996706997532762484e+00
-1.978129393472725539e+00
-1.958064542679850861e+00
-1.936529479590829883e+00
-1.913542322294486286e+00
-1.889122256122768295e+00
-1.863289516479085473e+00
-1.836065370920346274e+00
-1.807472100508575652e+00
-1.777532980449582078e+00
-1.746272260035304225e+00
-1.713715141908368045e+00
-1.679887760666686658e+00
-1.644817160826753444e+00
-1.608531274165239777e+00
-1.571058896457614651e+00
-1.532429663634260253e+00
-1.492674027374160106e+00
-1.451823230156406463e+00
-1.409909279791138337e+00
-1.366964923450238123e+00
-1.323023621219716839e+00
-1.278119519195966669e+00
-1.232287422147118727e+00
-1.185562765761906334e+00
-1.137981588509343611e+00
-1.089580503130437750e+00
-1.040396667786582796e+00
-9.904677568855754233e-01
-9.398319316104887244e-01
-8.885278101728895095e-01
-8.365944378155073524e-01
-7.840712565859430105e-01
-7.309980749066918859e-01
-6.774150369642578662e-01
-6.233625919409888638e-01
-5.688814631133202182e-01
-5.140126168406558005e-01
-4.587972314676316277e-01
-4.032766661638702566e-01
-3.474924297252224847e-01
-2.914861493586471397e-01
-2.352995394759202774e-01
-1.789743705175113331e-01
-1.225524378315413776e-01
-6.607553063000583260e-02
-9.585401044591981487e-03
4.687626669382533029e-02
1.032678869306841718e-01
1.595480030953422279e-01
2.156753180193294317e-01
2.716087240420181348e-01
3.273073328841830665e-01
3.827305052662117180e-01
4.378378802510123347e-01
4.925894042905771264e-01
5.469453599559053192e-01
6.008663943293456322e-01
6.543135470414940258e-01
7.072482779306827894e-01
7.596324943081080860e-01
8.114285778091524515e-01
8.625994108118681947e-01
9.131084024061584259e-01
9.629195138950256139e-01
1.011997283811347348e+00
1.060306852433197777e+00
1.107813985782040156e+00
1.154485099087601219e+00
1.200287279703992516e+00
1.245188309463201470e+00
1.289156686450504630e+00
1.332161646188178450e+00
1.374173182215351563e+00
1.415162066049382883e+00
1.455099866517522100e+00
1.493958968446923885e+00
1.531712590701399090e+00
1.568334803554755297e+00
1.603800545389233667e+00
1.638085638711115788e+00
1.671166805472972472e+00
1.703021681694255607e+00
1.733628831372798995e+00
1.762967759678858215e+00
1.791018925425531316e+00
1.817763752808299937e+00
1.843184642409122720e+00
1.867264981458483852e+00
1.889989153351565365e+00
1.911342546414225962e+00
1.931311561915143082e+00
1.949883621321109040e+00
1.967047172793074949e+00
1.982791696921329949e+00
1.997107711697978072e+00
2.009986776726496949e+00
2.021421496667884288e+00
2.031405523923778933e+00
2.039933560557707359e+00
2.047001359455558500e+00
2.052605724727629699e+00
2.056744511354593907e+00
2.059416624080565583e+00
2.060622015556855757e+00
2.060361683740564942e+00
2.058637668552692368e+00
2.055453047800921862e+00
2.050811932372794910e+00
2.044719460705440195e+00
2.037181792538556913e+00
2.028206101957783059e+00
2.017800569736261096e+00
2.005974374982188113e+00
1.992737686101320627e+00
1.978101651083253865e+00
1.962078387120949285e+00
1.944680969573524099e+00
1.925923420282679155e+00
1.905820695253375385e+00
1.884388671710027552e+00
1.861644134539990336e+00
1.837604762135791159e+00
1.812289111649091122e+00
1.785716603668457747e+00
1.757907506334538406e+00
1.728882918905691124e+00
1.698664754787976738e+00
1.667275724043478791e+00
1.634739315391379622e+00
1.601079777716579278e+00
1.566322101100461772e+00
1.530491997389505698e+00
1.493615880316651934e+00
1.455720845191896373e+00
1.416834648177573541e+00
1.376985685164286322e+00
1.336202970264749768e+00
1.294516113941529323e+00
1.251955300785274172e+00
1.208551266961159554e+00
1.164335277340325270e+00
1.119339102332929770e+00
1.073594994441254391e+00
1.027135664550265837e+00
9.799942579721075964e-01
9.322043302638514106e-01
8.837998228355068431e-01
8.348150383657156892e-01
7.852846160442872314e-01
7.352435066585067958e-01
6.847269475419088813e-01
6.337704374025509013e-01
5.824097110508393849e-01
5.306807140420113367e-01
4.786195772543534455e-01
4.262625914187366249e-01
3.736461816185755458e-01
3.208068817781812299e-01
2.677813091563080450e-01
2.146061388640646550e-01
1.613180784231480758e-01
1.079538423836107763e-01
5.455012701679584630e-02
1.143585102932275247e-03
-5.222919917247004912e-02
-1.055317351932966580e-01
-1.587276507437707929e-01
-2.117807166790874329e-01
-2.646548714177012762e-01
-3.173142452406997882e-01
-3.697231843814073327e-01
-4.218462748895953074e-01
-4.736483662541348116e-01
-5.250945947703172800e-01
-5.761504066344566022e-01
-6.267815807528973604e-01
-6.769542512498077924e-01
-7.266349296593380691e-01
-7.757905267891955781e-01
-8.243883742402657866e-01
-8.723962455701997909e-01
-9.197823770871571547e-01
-9.665154882611360909e-01
-1.012564801739760600e+00
-1.057900062957673137e+00
-1.102491559325917914e+00
-1.146310138991329719e+00
-1.189327229154073073e+00
-1.231514853932359266e+00
-1.272845651764286767e+00
-1.313292892336696438e+00
-1.352830493030958037e+00
-1.391433034876551345e+00
-1.429075778003842778e+00
-1.465734676586910368e+00
-1.501386393268211217e+00
-1.536008313058068175e+00
-1.569578556700476746e+00
-1.602075993499153528e+00
-1.633480253596531595e+00
-1.663771739700131258e+00
-1.692931638249575155e+00
-1.720941930020047472e+00
-1.747785400156189439e+00
-1.773445647632230893e+00
-1.797907094134445272e+00
-1.821154992361523561e+00
-1.843175433740212643e+00
-1.863955355552917803e+00
-1.883482547474464308e+00
-1.901745657516699550e+00
-1.918734197378430650e+00
-1.934438547199686553e+00
-1.948849959719749503e+00
-1.961960563837877647e+00
-1.973763367577045846e+00
-1.984252260450989569e+00
-1.993422015235139844e+00
-2.001268289142593915e+00
-2.007787624406912386e+00
-2.012977448273193026e+00
-2.016836072400133073e+00
-2.019362691675589794e+00
-2.020557382448694650e+00
-2.020421100182022034e+00
-2.018955676527637078e+00
-2.016163815831170325e+00
-2.012049091068522255e+00
-2.006615939220059097e+00
-1.999869656087616354e+00
-1.991816390559924432e+00
-1.982463138332342778e+00
-1.971817735087320278e+00
-1.959888849142097378e+00
-1.946685973570688288e+00
-1.932219417807361950e+00
-1.916500298739258090e+00
-1.899540531295868417e+00
-1.881352818543985617e+00
-1.861950641295940567e+00
-1.841348247240609748e+00
-1.819560639605735775e+00
-1.796603565360925359e+00
-1.772493502971388857e+00
-1.747247649711427542e+00
-1.720883908548497265e+00
-1.693420874607614923e+00
-1.664877821227418897e+00
-1.635274685617277513e+00
-1.604632054128042107e+00
-1.572971147146551285e+00
-1.540313803625703359e+00
-1.506682465261218962e+00
-1.472100160327754814e+00
-1.436590487185204434e+00
-1.400177597468243107e+00
-1.362886178970421858e+00
-1.324741438236111790e+00
-1.285769082872085134e+00
-1.245995303592024595e+00
-1.205446756005726483e+00
-1.164150542167613267e+00
-1.122134191895169497e+00
-1.079425643872532925e+00
-1.036053226551566731e+00
-9.920456388624474542e-01
-9.474319307495938647e-01
-9.022414835438995473e-01
-8.565039901857933735e-01
-8.102494353125918591e-01
-7.635080752229201906e-01
-7.163104177322449084e-01
-6.686872019330833972e-01
-6.206693778728642474e-01
-5.722880861626096216e-01
-5.235746375316204793e-01
-4.745604923392118812e-01
-4.252772400587441215e-01
-3.757565787459849482e-01
-3.260302945066126390e-01
-2.761302409741472341e-01
-2.260883188130835275e-01
-1.759364552599005094e-01
-1.257065837140146913e-01
-7.543062339325123933e-02
-2.514045906508751566e-02
2.513207913275515917e-02
7.535523576984254346e-02
1.254973500867051228e-01
1.755268758320188416e-01
2.254124009604762391e-01
2.751226671809733348e-01
3.246265893412640380e-01
3.738932746386806061e-01
4.228920416447860542e-01
4.715924391329829879e-01
5.199642646969733217e-01
5.679775831503719452e-01
6.156027446956040539e-01
6.628104028513233104e-01
7.095715321291342637e-01
7.558574454483175664e-01
8.016398112781704111e-01
8.468906704998855339e-01
8.915824529767709672e-01
9.356879938237925298e-01
9.791805493682167461e-01
1.022033812791462326e+00
1.064221929443640580e+00
1.105719511823602286e+00
1.146501654214436394e+00
1.186543946968286578e+00
1.225822490431814460e+00
1.264313908505557471e+00
1.301995361829599407e+00
1.338844560589313115e+00
1.374839776934179802e+00
1.409959857003556083e+00
1.444184232553601399e+00
1.477492932179219176e+00
1.509866592126342777e+00
1.541286466688338574e+00
1.571734438182866178e+00
1.601193026503601846e+00
1.629645398243546150e+00
1.657075375384645444e+00
1.683467443551565523e+00
1.708806759824909705e+00
1.733079160111318462e+00
1.756271166067979728e+00
1.778369991578260922e+00
1.799363548776769406e+00
1.819240453621692399e+00
1.837990031012980197e+00
1.855602319454652926e+00
1.872068075260592490e+00
1.887378776302601313e+00
1.901526625300655748e+00
1.914504552655017955e+00
1.926306218820027505e+00
1.936926016220334779e+00
1.946359070710173444e+00
1.954601242576285092e+00
1.961649127086133593e+00
1.967500054582636881e+00
1.972152090127294644e+00
1.975604032693742962e+00
1.977855413914022531e+00
1.978906496380159030e+00
1.978758271503900268e+00
1.977412456937710061e+00
1.974871493560369506e+00
1.971138542030815177e+00
1.966217478914046746e+00
1.960112892383282679e+00
1.952830077502609285e+00
1.944375031094782935e+00
1.934754446199071998e+00
1.923975706124025908e+00
1.912046878100500447e+00
1.898976706540701720e+00
1.884774605908506429e+00
1.869450653207268775e+00
1.853015580091382342e+00
1.835480764607511084e+00
1.816858222572387271e+00
1.797160598593934511e+00
1.776401156742062559e+00
1.754593770877160619e+00
1.731752914642602725e+00
1.707893651129421819e+00
1.683031622220371393e+00
1.657183037621297927e+00
1.630364663587554608e+00
1.602593811353995923e+00
1.573888325276045608e+00
1.544266570690745466e+00
1.513747421506306701e+00
1.482350247528099407e+00
1.450094901530696756e+00
1.417001706084136892e+00
1.383091440143547457e+00
1.348385325411296742e+00
1.312905012480871880e+00
1.276672566771238859e+00
1.239710454261425898e+00
1.202041527034825696e+00
1.163689008642222245e+00
1.124676479293227782e+00
1.085027860886153661e+00
1.044767401885061231e+00
1.003919662054701067e+00
9.625094970621306256e-01
9.205620429553255102e-01
8.781027005285603204e-01
8.351571195839178063e-01
7.917511830991481592e-01
7.479109913118999753e-01
7.036628457291811412e-01
6.590332330730664934e-01
6.140488091720032182e-01
5.687363828068807692e-01
5.231228995229052492e-01
4.772354254158845954e-01
4.311011309032244387e-01
3.847472744893582486e-01
3.382011865352075874e-01
2.914902530407478265e-01
2.446418994508762490e-01
1.976835744945143192e-01
1.506427340641574575e-01
1.035468251484749358e-01
5.642326982442125854e-02
9.299449319569720943e-03
-3.779731184683114004e-02
-8.483976163453281483e-02
-1.318007361565503299e-01
-1.786531752476063772e-01
-2.253701379175698793e-01
-2.719248176830268426e-01
-3.182905577664662533e-01
-3.644408661558424245e-01
-4.103494305161777267e-01
-4.559901329446121587e-01
-5.013370645614025900e-01
-5.463645399290585347e-01
-5.910471112909547742e-01
-6.353595826232734112e-01
-6.792770234917901995e-01
-7.227747827063738528e-01
-7.658285017668229333e-01
-8.084141280918227812e-01
-8.505079280252355600e-01
-8.920864996128542446e-01
-9.331267851429183580e-01
-9.736060834437966216e-01
-1.013502061933686971e+00
-1.052792768415759417e+00
-1.091456642612171901e+00
-1.129472527433112994e+00
-1.166819679974198998e+00
-1.203477782236834548e+00
-1.239426951567642821e+00
-1.274647750810874669e+00
-1.309121198169834743e+00
-1.342828776772816202e+00
-1.375752443938686342e+00
-1.407874640138782718e+00
-1.439178297651060978e+00
-1.469646848901820180e+00
-1.499264234493393522e+00
-1.528014910912513402e+00
-1.555883857917609747e+00
-1.582856585601693622e+00
-1.608919141127875152e+00
-1.634058115135492484e+00
-1.658260647814286060e+00
-1.681514434644562739e+00
-1.703807731801442404e+00
-1.725129361221641400e+00
-1.745468715331122134e+00
-1.764815761432406482e+00
-1.783161045750630613e+00
-1.800495697137178830e+00
-1.816811430430355756e+00
-1.832100549472759132e+00
-1.846355949784816985e+00
-1.859571120894639495e+00
-1.871740148324089414e+00
-1.882857715231698759e+00
-1.892919103712459306e+00
-1.901920195755823828e+00
-1.909857473862143218e+00
-1.916728021319176634e+00
-1.922529522139632130e+00
-1.927260260661259661e+00
-1.930919120811285694e+00
-1.933505585036785268e+00
-1.935019732903182854e+00
-1.935462239363020309e+00
-1.934834372697329163e+00
-1.933137992132172744e+00
-1.930375545133064419e+00
-1.926550064380152971e+00
-1.921665164427211137e+00
-1.915725038047622508e+00
-1.908734452270808957e+00
-1.900698744112496064e+00
-1.891623816002756531e+00
-1.881516130915229956e+00
-1.870382707202082218e+00
-1.858231113138368196e+00
-1.845069461180208537e+00
-1.830906401941458705e+00
-1.815751117892969280e+00
-1.799613316789485662e+00
-1.782503224828918542e+00
-1.764431579548732421e+00
-1.745409622464970667e+00
-1.725449091458551187e+00
-1.704562212914501718e+00
-1.682761693619680976e+00
-1.660060712423735874e+00
-1.636472911670218355e+00
-1.612012388402149998e+00
-1.586693685349104710e+00
-1.560531781700828624e+00
-1.533542083674056755e+00
-1.505740414878060429e+00
-1.477143006485566179e+00
-1.447766487215134124e+00
-1.417627873131315663e+00
-1.386744557268623446e+00
-1.355134299086909078e+00
-1.322815213763052666e+00
-1.289805761327039946e+00
-1.256124735648159962e+00
-1.221791253278351030e+00
-1.186824742159371393e+00
-1.151244930200619354e+00
-1.115071833734223139e+00
-1.078325745854526563e+00
-1.041027224648959137e+00
-1.003197081326215212e+00
-9.648563682504393002e-01
-9.260263668865936770e-01
-8.867285756647723671e-01
-8.469846977708269664e-01
-8.068166288694516020e-01
-7.662464447670256362e-01
-7.252963890216388432e-01
-6.839888605065105320e-01
-6.423464009340446035e-01
-6.003916823481908471e-01
-5.581474945906995666e-01
-5.156367327491848673e-01
-4.728823845935903880e-01
-4.299075180078547609e-01
-3.867352684237662652e-01
-3.433888262634513522e-01
-2.998914243979672878e-01
-2.562663256274293477e-01
-2.125368101911550012e-01
-1.687261633124039761e-01
-1.248576627860762400e-01
-8.095456661474620397e-02
-3.704010069972151625e-02
6.862553405807762796e-03
5.073027067670317358e-02
9.453999472079506472e-02
1.382687498043136953e-01
1.818936527901255373e-01
2.253919249843741868e-01
2.687409038839782549e-01
3.119180548208768111e-01
3.549009824951107062e-01
3.976674423932847757e-01
4.401953520847671775e-01
4.824628023921502251e-01
5.244480684283783223e-01
5.661296204970650559e-01
6.074861348501375824e-01
6.484965042968519056e-01
6.891398486609368046e-01
7.293955250792564238e-01
7.692431381382933697e-01
8.086625498433046566e-01
8.476338894156708603e-01
8.861375629139636168e-01
9.241542626746184208e-01
9.616649765677952599e-01
9.986509970640594647e-01
1.035093930108731630e+00
1.070975703799024403e+00
1.106278576861058349e+00
1.140985146922935511e+00
1.175078358579849214e+00
1.208541511248944822e+00
1.241358266809718058e+00
1.273512657027377148e+00
1.304989090755997783e+00
1.335772360919126989e+00
1.365847651264123552e+00
1.395200542888988871e+00
1.423817020538040934e+00
1.451683478665072968e+00
1.478786727261191647e+00
1.505113997445840290e+00
1.530652946818430893e+00
1.555391664569891752e+00
1.579318676351189277e+00
1.602422948898528654e+00
1.624693894413173023e+00
1.646121374695043604e+00
1.666695705028705676e+00
1.686407657821088257e+00
1.705248465990027773e+00
1.723209826102942710e+00
1.740283901265123223e+00
1.756463323757171846e+00
1.771741197421594416e+00
1.786111099798018076e+00
1.799567084007324569e+00
1.812103680384647308e+00
1.823715897861689639e+00
1.834399225098538366e+00
1.844149631365614272e+00
1.852963567176456827e+00
1.860837964671861577e+00
1.867770237756615215e+00
1.873758281989584162e+00
1.878800474228371487e+00
1.882895672029909928e+00
1.886043212808167446e+00
1.888242912750692559e+00
1.889495065495447879e+00
1.889800440569776807e+00
1.889160281593273316e+00
1.887576304246582293e+00
1.885050694008155281e+00
1.881586103661177845e+00
1.877185650572927633e+00
1.871852913748983660e+00
1.865591930664775910e+00
1.858407193877043895e+00
1.850303647417972597e+00
1.841286682974750288e+00
1.831362135857386608e+00
1.820536280758028758e+00
1.808815827304422141e+00
1.796207915411085709e+00
1.782720110431274207e+00
1.768360398113151710e+00
1.753137179363329468e+00
1.737059264821813276e+00
1.720135869251227412e+00
1.702376605744807092e+00
1.683791479755919029e+00
1.664390882953978856e+00
1.644185586909569841e+00
1.623186736613766668e+00
1.601405843834591503e+00
1.578854780315517736e+00
1.555545770819939833e+00
1.531491386025224832e+00
1.506704535271464529e+00
1.481198459168663994e+00
1.454986722066656579e+00
1.428083204392466277e+00
1.400502094859411795e+00
1.372257882552160968e+00
1.343365348892759270e+00
1.313839559491559283e+00
1.283695855888191684e+00
1.252949847186852317e+00
1.221617401590832097e+00
1.189714637840306510e+00
1.157257916559032429e+00
1.124263831514041412e+00
1.090749200792871410e+00
1.056731057903818050e+00
1.022226642803505392e+00
9.872533928562184924e-01
9.518289337306472531e-01
9.159710702378939251e-01
8.796977771165378490e-01
8.430271897683596638e-01
8.059775949506460258e-01
7.685674214292749218e-01
7.308152305973297791e-01
6.927397070642151711e-01
6.543596492201624315e-01
6.156939597805480835e-01
5.767616363149996594e-01
5.375817617658191772e-01
4.981734949608548346e-01
4.585560611247693763e-01
4.187487423940975395e-01
3.787708683404760746e-01
3.386418065062600791e-01
2.983809529578483888e-01
2.580077228605351936e-01
2.175415410796492088e-01
1.770018328128736829e-01
1.364080142578139310e-01
9.577948331829973239e-02
5.513561035609757660e-02
1.449572898982620824e-02
-2.612087305345313359e-02
-6.669496302925655151e-02
-1.072073722063156126e-01
-1.476390048324074111e-01
-1.879708470303166068e-01
-2.281839756215978399e-01
-2.682595668726894256e-01
-3.081789051605235419e-01
-3.479233915530471899e-01
-3.874745523017821824e-01
-4.268140472414962416e-01
-4.659236780947602630e-01
-5.047853966768022227e-01
-5.433813129972179246e-01
-5.816937032557720766e-01
-6.197050177284572081e-01
-6.573978885402975703e-01
-6.947551373222332627e-01
-7.317597827486037598e-01
-7.683950479518768528e-01
-8.046443678128115673e-01
-8.404913961210521700e-01
-8.759200126057286040e-01
-9.109143298314152926e-01
-9.454586999577252460e-01
-9.795377213594220756e-01
-1.013136245105299427e+00
-1.046239381292137338e+00
-1.078832505232777628e+00
-1.110901263494834090e+00
-1.142431579788915519e+00
-1.173409660703113255e+00
-1.203822001282837562e+00
-1.233655390453182399e+00
-1.262896916282602255e+00
-1.291533971085822019e+00
-1.319554256364154909e+00
-1.346945787581927956e+00
-1.373696898777751807e+00
-1.399796247008093575e+00
-1.425232816623452248e+00
-1.449995923374448825e+00
-1.474075218347329130e+00
-1.497460691728173865e+00
-1.520142676393751779e+00
-1.542111851329150296e+00
-1.563359244871043163e+00
-1.583876237775604601e+00
-1.603654566110618518e+00
-1.622686323971553435e+00
-1.640963966020573928e+00
-1.658480309848442191e+00
-1.675228538159152292e+00
-1.691202200776706688e+00
-1.706395216474123844e+00
-1.720801874624765082e+00
-1.734416836675885421e+00
-1.747235137444420383e+00
-1.759252186235522375e+00
-1.770463767783954534e+00
-1.780866043018620282e+00
-1.790455549651085221e+00
-1.799229202588060295e+00
-1.807184294169081440e+00
-1.814318494229593126e+00
-1.820629849990430316e+00
-1.826116785774604123e+00
-1.830778102552208075e+00
-1.834612977314454385e+00
-1.837620962278023740e+00
-1.839801983920786421e+00
-1.841156341850144651e+00
-1.841684707505340635e+00
-1.841388122695027274e+00
-1.840267997971603231e+00
-1.838326110843779171e+00
-1.835564603828958807e+00
-1.831985982347107411e+00
-1.827593112457711610e+00
-1.822389218441792913e+00
-1.816377880230545250e+00
-1.809563030682697971e+00
-1.801948952712495666e+00
-1.793540276270262801e+00
-1.784341975177612838e+00
-1.774359363819589808e+00
-1.763598093695594615e+00
-1.752064149831731088e+00
-1.739763847056488455e+00
-1.726703826142343079e+00
-1.712891049815536970e+00
-1.698332798636533747e+00
-1.683036666753466193e+00
-1.667010557531432458e+00
-1.650262679059806725e+00
-1.632801539540557512e+00
-1.614635942559691228e+00
-1.595774982245253160e+00
-1.576228038313891133e+00
-1.556004771009144916e+00
-1.535115115934252650e+00
-1.513569278781935035e+00
-1.491377729964729282e+00
-1.468551199147782427e+00
-1.445100669687950479e+00
-1.421037372981613034e+00
-1.396372782724395689e+00
-1.371118609085478779e+00
-1.345286792800136189e+00
-1.318889499182551051e+00
-1.291939112063404727e+00
-1.264448227653520940e+00
-1.236429648338339904e+00
-1.207896376405213745e+00
-1.178861607707081705e+00
-1.149338725265623307e+00
-1.119341292816914413e+00
-1.088883048303053380e+00
-1.057977897312375015e+00
-1.026639906471589647e+00
-9.948832967939406080e-01
-9.627224369845809315e-01
-9.301718367083396943e-01
-8.972461398222341122e-01
-8.639601175750607487e-01
-8.303286617789312762e-01
-7.963667779545763326e-01
-7.620895784541802387e-01
-7.275122755643784744e-01
-6.926501745936874954e-01
-6.575186669456836164e-01
-6.221332231831028237e-01
-5.865093860841406048e-01
-5.506627636952801108e-01
-5.146090223833246213e-01
-4.783638798893729005e-01
-4.419430983883391173e-01
-4.053624775567281069e-01
-3.686378476513572089e-01
-3.317850626031939587e-01
-2.948199931273232099e-01
-2.577585198542026723e-01
-2.206165264829600403e-01
-1.834098929616757023e-01
-1.461544886955148670e-01
-1.088661657871984323e-01
-7.156075231179113982e-02
-3.425404562844300282e-02
3.038194267976549075e-03
4.030025135177072587e-02
7.751646012730856183e-02
1.146712121408589996e-01
1.517489624423691841e-01
1.887342359941597270e-01
2.256116340237314388e-01
2.623658403186104882e-01
2.989816274609610747e-01
3.354438629984379250e-01
3.717375155503945816e-01
4.078476608462799358e-01
4.437594876937183686e-01
4.794583038751194515e-01
5.149295419691644060e-01
5.501587650964967491e-01
5.851316725859734280e-01
6.198341055609279948e-01
6.542520524425674555e-01
6.883716543684685885e-01
7.221792105247705207e-01
7.556611833898745356e-01
7.888042038875806572e-01
8.215950764488939573e-01
8.540207839791041922e-01
8.860684927304152136e-01
9.177255570770208593e-01
9.489795241913749901e-01
9.798181386207875931e-01
1.010229346762392177e+00
1.040201301234673803e+00
1.069722365145066023e+00
1.098781116251773771e+00
1.127366351018459056e+00
1.155467088560957700e+00
1.183072574484766548e+00
1.210172284612043292e+00
1.236755928597124132e+00
1.262813453429834976e+00
1.288335046825201058e+00
1.313311140499090701e+00
1.337732413328638126e+00
1.361589794397170872e+00
1.384874465922060649e+00
1.407577866065745420e+00
1.429691691628855343e+00
1.451207900624741143e+00
1.472118714735355161e+00
1.492416621647551622e+00
1.512094377269783463e+00
1.531145007828519811e+00
1.549561811844535120e+00
1.567338361988340312e+00
1.584468506814771471e+00
1.600946372376817139e+00
1.616766363718167732e+00
1.631923166244834578e+00
1.646411746975694035e+00
1.660227355671811678e+00
1.673365525845345259e+00
1.685822075647293250e+00
1.697593108635062853e+00
1.708675014419585692e+00
1.719064469192796318e+00
1.728758436135362953e+00
1.737754165705400311e+00
1.746049195808595966e+00
1.753641351850085295e+00
1.760528746668770905e+00
1.766709780354730475e+00
1.772183139950198827e+00
1.776947799035007769e+00
1.781003017197048122e+00
1.784348339388633686e+00
1.786983595169615358e+00
1.788908897838002554e+00
1.790124643449085395e+00
1.790631509724027959e+00
1.790430454848824571e+00
1.789522716164738236e+00
1.787909808751261487e+00
1.785593523902689217e+00
1.782575927499481683e+00
1.778859358275581393e+00
1.774446425982890263e+00
1.769340009454198004e+00
1.763543254565834495e+00
1.757059572101332900e+00
1.749892635517526607e+00
1.742046378614444002e+00
1.733524993110300505e+00
1.724332926123395060e+00
1.714474877561835253e+00
1.703955797423244434e+00
1.692780883005328141e+00
1.680955576029504961e+00
1.668485559678681840e+00
1.655376755551122514e+00
1.641635320531843911e+00
1.627267643583427903e+00
1.612280342457645288e+00
1.596680260329868650e+00
1.580474462358059329e+00
1.563670232167588159e+00
1.546275068264379993e+00
1.528296680377593475e+00
1.509742985734091159e+00
1.490622105265930308e+00
1.470942359753719897e+00
1.450712265906552112e+00
1.429940532381059892e+00
1.408636055741750548e+00
1.386807916363535620e+00
1.364465374279469456e+00
1.341617864974918639e+00
1.318274995130362059e+00
1.294446538314750983e+00
1.270142430631332031e+00
1.245372766317913493e+00
1.220147793303565154e+00
1.194477908724085768e+00
1.168373654397103056e+00
1.141845712260308510e+00
1.114904899773710545e+00
1.087562165288336491e+00
1.059828583383306766e+00
1.031715350173324275e+00
1.003233778588367375e+00
9.743952936279949295e-01
9.452114275918992448e-01
9.156938152886844318e-01
8.858541892251637906e-01
8.557043747783054100e-01
8.252562853504069595e-01
7.945219175121432942e-01
7.635133461324369319e-01
7.322427194993063049e-01
7.007222544331477287e-01
6.689642313932927520e-01
6.369809895816092027e-01
6.047849220431918971e-01
5.723884707677748818e-01
5.398041217925210189e-01
5.070444003089306095e-01
4.741218657746553156e-01
4.410491070337645425e-01
4.078387374456941550e-01
3.745033900255319570e-01
3.410557125973250336e-01
3.075083629625654513e-01
2.738740040846194823e-01
2.401652992923515306e-01
2.063949075031772107e-01
1.725754784685717969e-01
1.387196480430165635e-01
1.048400334781348225e-01
7.094922874410145019e-02
3.705979987979213242e-02
3.184280372862779551e-03
-3.066483342796735151e-02
-6.447508686677888567e-02
-9.823407149983696962e-02
-1.319294295777904136e-01
-1.655488584896063486e-01
-1.990801151674320979e-01
-2.325110204495023092e-01
-2.658294634005349821e-01
-2.990234055887259212e-01
-3.320808853159509244e-01
-3.649900218025680654e-01
-3.977390193225988080e-01
-4.303161712906170000e-01
-4.627098642964006525e-01
-4.949085820888996512e-01
-5.269009095055982028e-01
-5.586755363477575731e-01
-5.902212612001888070e-01
-6.215269951935843418e-01
-6.525817657086655510e-01
-6.833747200217420437e-01
-7.138951288892475544e-01
-7.441323900716089179e-01
-7.740760317945427627e-01
-8.037157161465376953e-01
-8.330412424130986260e-01
-8.620425503448831961e-01
-8.907097233599761132e-01
-9.190329916795038079e-01
-9.470027353951875337e-01
-9.746094874683414178e-01
-1.001843936659212897e+00
-1.028696930387000830e+00
-1.055159477518174738e+00
-1.081222751083872780e+00
-1.106878090924863445e+00
-1.132117006263707149e+00
-1.156931178203917776e+00
-1.181312462154827214e+00
-1.205252890182215930e+00
-1.228744673283952871e+00
-1.251780203590359131e+00
-1.274352056488723628e+00
-1.296452992671406346e+00
-1.318075960107648381e+00
-1.339214095938463078e+00
-1.359860728293982968e+00
-1.380009378033780099e+00
-1.399653760409064862e+00
-1.418787786647222715e+00
-1.437405565458039769e+00
-1.455501404461630344e+00
-1.473069811538220364e+00
-1.490105496099126459e+00
-1.506603370279458787e+00
-1.522558550051946957e+00
-1.537966356262399747e+00
-1.552822315586684931e+00
-1.567122161408827985e+00
-1.580861834621144046e+00
-1.594037484345696365e+00
-1.606645468577805547e+00
-1.618682354751630692e+00
-1.630144920227646566e+00
-1.641030152702925404e+00
-1.651335250543788158e+00
-1.661057623041695352e+00
-1.670194890592229475e+00
-1.678744884797684245e+00
-1.686705648493868281e+00
-1.694075435700910459e+00
-1.700852711499048153e+00
-1.707036151829627313e+00
-1.712624643221712928e+00
-1.717617282444817928e+00
-1.722013376088368242e+00
-1.725812440068383413e+00
-1.729014199061804646e+00
-1.731618585869264759e+00
-1.733625740706778329e+00
-1.735036010426955766e+00
-1.735849947670510485e+00
-1.736068309948574306e+00
-1.735692058656658876e+00
-1.734722358020868827e+00
-1.733160573977151175e+00
-1.731008272984325469e+00
-1.728267220771644741e+00
-1.724939381021730611e+00
-1.721026913989605944e+00
-1.716532175058764764e+00
-1.711457713235034594e+00
-1.705806269579087653e+00
-1.699580775578599434e+00
-1.692784351460809189e+00
-1.685420304446520801e+00
-1.677492126946311890e+00
-1.669003494700089352e+00
-1.659958264860820876e+00
-1.650360474023404800e+00
-1.640214336199786072e+00
-1.629524240741192065e+00
-1.618294750208578492e+00
-1.606530598192220216e+00
-1.594236687081621584e+00
-1.581418085786756578e+00
-1.568080027411510313e+00
-1.554227906880631727e+00
-1.539867278521324323e+00
-1.525003853600165327e+00
-1.509643497816927749e+00
-1.493792228756219753e+00
-1.477456213297885901e+00
-1.460641764987437918e+00
-1.443355341368101064e+00
-1.425603541274467201e+00
-1.407393102090280568e+00
-1.388730896970423512e+00
-1.369623932028861013e+00
-1.350079343493373329e+00
-1.330104394828568237e+00
-1.309706473828077256e+00
-1.288893089677071391e+00
-1.267671869986746191e+00
-1.246050557801166914e+00
-1.224037008578451102e+00
-1.201639187146962939e+00
-1.178865164637933560e+00
-1.155723115395481670e+00
-1.132221313865580781e+00
-1.108368131464805284e+00
-1.084172033430219173e+00
-1.059641575651600220e+00
-1.034785401486989498e+00
-1.009612238563096787e+00
-9.841308955616384635e-01
-9.583502589921889525e-01
-9.322792899538261402e-01
-9.059270208860064066e-01
-8.793025523096610341e-01
-8.524150495604577715e-01
-8.252737395144840171e-01
-7.978879073086867502e-01
-7.702668930554802396e-01
-7.424200885546284878e-01
-7.143569340019145786e-01
-6.860869146972118360e-01
-6.576195577511949608e-01
-6.289644287940614475e-01
-6.001311286853876492e-01
-5.711292902274214267e-01
-5.419685748825142646e-01
-5.126586694961949853e-01
-4.832092830254453575e-01
-4.536301432760194152e-01
-4.239309936469108919e-01
-3.941215898849682597e-01
-3.642116968500536678e-01
-3.342110852919218944e-01
-3.041295286393194686e-01
-2.739767998032177632e-01
-2.437626679945199271e-01
-2.134968955572755511e-01
-1.831892348188157438e-01
-1.528494249572958097e-01
-1.224871888878404230e-01
-9.211223016823497090e-02
-6.173422992485114863e-02
-3.136284380020874091e-02
-1.007698922594065611e-03
2.932160910108315074e-02
5.961551916865603234e-02
8.986450764064954355e-02
1.200590912731261950e-01
1.501898301237181432e-01
1.802473304297359802e-01
2.102222474592375101e-01
2.401052883318000319e-01
2.698872148107743785e-01
2.995588460636598449e-01
3.291110613926349071e-01
3.585348029317817486e-01
3.878210783125794481e-01
4.169609632951097877e-01
4.459456043660397495e-01
4.747662213010578891e-01
5.034141096921042058e-01
5.318806434386554871e-01
5.601572772023498681e-01
5.882355488237925867e-01
6.161070817022870072e-01
6.437635871363122098e-01
6.711968666254254368e-01
6.983988141322799992e-01
7.253614183049904574e-01
7.520767646583671473e-01
7.785370377146683118e-01
8.047345231020910372e-01
8.306616096115946313e-01
8.563107912116367793e-01
8.816746690192210911e-01
9.067459532282078349e-01
9.315174649940607399e-01
9.559821382739679407e-01
9.801330216228538728e-01
1.003963279945195408e+00
1.027466196200583992e+00
1.050635173065104011e+00
1.073463734546193704e+00
1.095945527552162790e+00
1.118074323415252147e+00
1.139844019368283501e+00
1.161248639974570285e+00
1.182282338511484454e+00
1.202939398306284380e+00
1.223214234025283842e+00
1.243101392915390457e+00
1.262595555998522912e+00
1.281691539217701736e+00
1.300384294536311769e+00
1.318668910989069021e+00
1.336540615684799649e+00
1.353994774762323772e+00
1.371026894297170173e+00
1.387632621161201563e+00
1.403807743833850541e+00
1.419548193165405481e+00
1.434850043092260830e+00
1.449709511304624110e+00
1.464122959865691520e+00
1.478086895783750965e+00
1.491597971536020584e+00
1.504652985545117394e+00
1.517248882607952210e+00
1.529382754277355927e+00
1.541051839196242446e+00
1.552253523385007661e+00
1.562985340481688912e+00
1.573244971935787939e+00
1.583030247155153392e+00
1.592339143607001350e+00
1.601169786872402190e+00
1.609520450655343549e+00
1.617389556745933765e+00
1.624775674938467196e+00
1.631677522904221744e+00
1.638093966019813275e+00
1.644024017150888639e+00
1.649466836391701330e+00
1.654421730761025389e+00
1.658888153854445546e+00
1.662865705453688392e+00
1.666354131093104929e+00
1.669353321583828986e+00
1.671863312495968756e+00
1.673884283599152090e+00
1.675416558261969335e+00
1.676460602810591949e+00
1.677017025847088671e+00
1.677086577527843847e+00
1.676670148802505311e+00
1.675768770613968117e+00
1.674383613059817311e+00
1.672515984515723586e+00
1.670167330721268550e+00
1.667339233828706968e+00
1.664033411415152708e+00
1.660251715458701982e+00
1.655996131279025452e+00
1.651268776442901931e+00
1.646071899635356939e+00
1.640407879496714294e+00
1.634279223426413186e+00
1.627688566353866273e+00
1.620638669477095783e+00
1.613132418969590809e+00
1.605172824656177388e+00
1.596763018658036604e+00
1.587906254008150331e+00
1.578605903236991459e+00
1.568865456929633861e+00
1.558688522254675135e+00
1.548078821465454835e+00
1.537040190374388882e+00
1.525576576800955042e+00
1.513692038994012279e+00
1.501390744028729074e+00
1.488676966179417249e+00
1.475555085268243527e+00
1.462029584990745867e+00
1.448105051218856465e+00
1.433786170282027594e+00
1.419077727226731422e+00
1.403984604055789065e+00
1.388511777947262438e+00
1.372664319454114823e+00
1.356447390685479926e+00
1.339866243469040485e+00
1.322926217497267132e+00
1.305632738455390962e+00
1.287991316134572628e+00
1.270007542528931666e+00
1.251687089917822737e+00
1.233035708934404617e+00
1.214059226620179954e+00
1.194763544466915128e+00
1.175154636446545720e+00
1.155238547029517227e+00
1.135021389191919861e+00
1.114509342413122495e+00
1.093708650662822857e+00
1.072625620380285971e+00
1.051266618444492096e+00
1.029638070137121275e+00
1.007746457098318338e+00
9.855983152765741551e-01
9.632002328720220552e-01
9.405588482756518376e-01
9.176808480035477666e-01
8.945729646276869840e-01
8.712419747029547246e-01
8.476946966926514060e-01
8.239379888909460492e-01
7.999787473449092579e-01
7.758239037754770528e-01
7.514804234984274744e-01
7.269553033459003055e-01
7.022555695891048444e-01
6.773882758626003087e-01
6.523605010911681656e-01
6.271793474194847784e-01
6.018519381450427863e-01
5.763854156560765940e-01
5.507869393726706475e-01
5.250636836944971853e-01
4.992228359535180737e-01
4.732715943733957764e-01
4.472171660358132961e-01
4.210667648541150387e-01
3.948276095547155751e-01
3.685069216677167026e-01
3.421119235259986735e-01
3.156498362739804664e-01
2.891278778866622212e-01
2.625532611993698917e-01
2.359331919479660256e-01
2.092748668216373453e-01
1.825854715269034645e-01
1.558721788647624840e-01
1.291421468206154777e-01
1.024025166680449794e-01
7.566041108592833075e-02
4.892293229074134303e-02
2.219716018333360921e-02
-4.509849488872010384e-03
-3.119106695396237430e-02
-5.783949022114750343e-02
-8.444814687037500989e-02
-1.110100958244131658e-01
-1.375184291034688144e-01
-1.639662735623655110e-01
-1.903467926092416718e-01
-2.166531879059485077e-01
-2.428787010489426579e-01
-2.690166152317458592e-01
-2.950602568867203290e-01
-3.210029973077546117e-01
-3.468382542518589906e-01
-3.725594935204956659e-01
-3.981602305200817038e-01
-4.236340318004480077e-01
-4.489745165724915443e-01
-4.741753582034510250e-01
-4.992302856897088970e-01
-5.241330851081282827e-01
-5.488776010434208708e-01
-5.734577379934646668e-01
-5.978674617500671085e-01
-6.221008007582102817e-01
-6.461518474493013198e-01
-6.700147595522072397e-01
-6.936837613788158219e-01
-7.171531450859808254e-01
-7.404172719125234892e-01
-7.634705733912345860e-01
-7.863075525359843887e-01
-8.089227850039931722e-01
-8.313109202321125046e-01
-8.534666825478975927e-01
-8.753848722551067496e-01
-8.970603666929237718e-01
-9.184881212697959540e-01
-9.396631704705039612e-01
-9.605806288377729540e-01
-9.812356919267034572e-01
-1.001623637233550523e+00
-1.021739825097103926e+00
-1.041579699574544327e+00
-1.061138789289410855e+00
-1.080412708253697618e+00
-1.099397156662454966e+00
-1.118087921662083817e+00
-1.136480878090917690e+00
-1.154571989193830861e+00
-1.172357307308738994e+00
-1.189832974526851217e+00
-1.206995223325422861e+00
-1.223840377173653682e+00
-1.240364851111136701e+00
-1.256565152299966792e+00
-1.272437880548987543e+00
-1.287979728811399660e+00
-1.303187483655461554e+00
-1.318058025707645742e+00
-1.332588330069653715e+00
-1.346775466708076463e+00
-1.360616600817109223e+00
-1.374108993154795400e+00
-1.387250000352560075e+00
-1.400037075197762437e+00
-1.412467766890300291e+00
-1.424539721272283233e+00
-1.436250681031472132e+00
-1.447598485878742958e+00
-1.458581072699103309e+00
-1.469196475676678881e+00
-1.479442826394292698e+00
-1.489318353906545322e+00
-1.498821384788056044e+00
-1.507950343155503026e+00
-1.516703750664923245e+00
-1.525080226483360057e+00
-1.533078487235917331e+00
-1.540697346927673461e+00
-1.547935716840987741e+00
-1.554792605408347628e+00
-1.561267118060826187e+00
-1.567358457052473897e+00
-1.573065921260740740e+00
-1.578388905963197253e+00
-1.583326902590584284e+00
-1.587879498456689520e+00
-1.592046376464979485e+00
-1.595827314792477747e+00
-1.599222186550780300e+00
-1.602230959424778112e+00
-1.604853695289065740e+00
-1.607090549802405288e+00
-1.608941771980411550e+00
-1.610407703746818298e+00
-1.611488779463367882e+00
-1.612185525438810663e+00
-1.612498559417108845e+00
-1.612428590045163146e+00
-1.611976416320323180e+00
-1.611142927017952031e+00
-1.609929100099297239e+00
-1.608336002099954642e+00
-1.606364787499217517e+00
-1.604016698070540814e+00
-1.601293062213505758e+00
-1.598195294267392708e+00
-1.594724893806891641e+00
-1.590883444920010881e+00
-1.586672615468624814e+00
-1.582094156331967261e+00
-1.577149900633182833e+00
-1.571841762949483634e+00
-1.566171738506082489e+00
-1.560141902354213572e+00
-1.553754408533565945e+00
-1.547011489219505043e+00
-1.539915453855149163e+00
-1.532468688269116530e+00
-1.524673653778517268e+00
-1.516532886278336711e+00
-1.508048995316845442e+00
-1.499224663157817661e+00
-1.490062643829459965e+00
-1.480565762160852783e+00
-1.470736912805862051e+00
-1.460579059254901058e+00
-1.450095232835113324e+00
-1.439288531698940110e+00
-1.428162119801685837e+00
-1.416719225868228182e+00
-1.404963142349284766e+00
-1.392897224367686704e+00
-1.380524888654664828e+00
-1.367849612476818244e+00
-1.354874932553734590e+00
-1.341604443967050919e+00
-1.328041799060974304e+00
-1.314190706334392944e+00
-1.300054929325668462e+00
-1.285638285489316024e+00
-1.270944645065950063e+00
-1.255977929945256699e+00
-1.240742112522568830e+00
-1.225241214548794311e+00
-1.209479305975362573e+00
-1.193460503792480143e+00
-1.177188970863242368e+00
-1.160668914752116532e+00
-1.143904586549269631e+00
-1.126900279690303153e+00
-1.109660328772558380e+00
-1.092189108367206840e+00
-1.074491031828415766e+00
-1.056570550099335204e+00
-1.038432150515886221e+00
-1.020080355607141387e+00
-1.001519721895221871e+00
-9.827548386917789314e-01
-9.637903268941326873e-01
-9.446308377801263534e-01
-9.252810518016846286e-01
-9.057456773785701465e-01
-8.860294496911900186e-01
-8.661371294739086402e-01
-8.460735018085798753e-01
-8.258433749188541784e-01
-8.054515789652428870e-01
-7.849029648418484051e-01
-7.642024029738386792e-01
-7.433547821175450210e-01
-7.223650081621012520e-01
-7.012380029337607068e-01
-6.799787030026579471e-01
-6.585920584927255073e-01
-6.370830318944695758e-01
-6.154565968811093191e-01
-5.937177371295487838e-01
-5.718714451433419832e-01
-5.499227210817544398e-01
-5.278765715924945701e-01
-5.057380086489294824e-01
-4.835120483929289947e-01
-4.612037099825727071e-01
-4.388180144454688070e-01
-4.163599835375406677e-01
-3.938346386084674577e-01
-3.712469994722845112e-01
-3.486020832853647389e-01
-3.259049034304042913e-01
-3.031604684078132994e-01
-2.803737807337262633e-01
-2.575498358458599424e-01
-2.346936210160207870e-01
-2.118101142715062279e-01
-1.889042833237072616e-01
-1.659810845046852668e-01
-1.430454617132202177e-01
-1.201023453678957964e-01
-9.715665137013493324e-02
-7.421328007550195838e-02
-5.127711527448480799e-02
-2.835302318231352689e-02
-5.445851438800622391e-03
1.743957188323534344e-02
4.029843925859421389e-02
6.312596468072326217e-02
8.591738462285176958e-02
1.086679589886215824e-01
1.313729720517897714e-01
1.540277333861022058e-01
1.766275787839347855e-01
1.991678711637390187e-01
2.216440014671719472e-01
2.440513895443919556e-01
2.663854850277468933e-01
2.886417681951802816e-01
3.108157508209268283e-01
3.329029770146615941e-01
3.548990240494167003e-01
3.767995031763982094e-01
3.986000604292567195e-01
4.202963774147799869e-01
4.418841720922097038e-01
4.633591995393095964e-01
4.847172527072758919e-01
5.059541631612730628e-01
5.270658018102193365e-01
5.480480796222420015e-01
5.688969483281460793e-01
5.896084011118774004e-01
6.101784732876195383e-01
6.306032429642044468e-01
6.508788316962649256e-01
6.710014051223549547e-01
6.909671735894060696e-01
7.107723927639619799e-01
7.304133642308804353e-01
7.498864360770273185e-01
7.691880034632170293e-01
7.883145091815724204e-01
8.072624441993180300e-01
8.260283481898759161e-01
8.446088100491995210e-01
8.630004683994237924e-01
8.812000120783878288e-01
8.992041806154754680e-01
9.170097646938609737e-01
9.346136065989967268e-01
9.520126006533333740e-01
9.692036936374724965e-01
9.861838851971547193e-01
1.002950228237159624e+00
1.019499829300698046e+00
1.035829848935780673e+00
1.051937502047109785e+00
1.067820058235052771e+00
1.083474842120394133e+00
1.098899233655217911e+00
1.114090668420818275e+00
1.129046637911319317e+00
1.143764689803838719e+00
1.158242428215270792e+00
1.172477513945318295e+00
1.186467664705971981e+00
1.200210655337590637e+00
1.213704318011559202e+00
1.226946542419234287e+00
1.239935275948202298e+00
1.252668523844498782e+00
1.265144349361990050e+00
1.277360873898340410e+00
1.289316277118086607e+00
1.301008797062348510e+00
1.312436730245737149e+00
1.323598431740134584e+00
1.334492315245654481e+00
1.345116853148915714e+00
1.355470576568071905e+00
1.365552075386053277e+00
1.375359998270197170e+00
1.384893052680099768e+00
1.394150004862725334e+00
1.403129679835200871e+00
1.411830961355232672e+00
1.420252791879575538e+00
1.428394172510406790e+00
1.436254162929246014e+00
1.443831881319628696e+00
1.451126504277521656e+00
1.458137266710054059e+00
1.464863461722987426e+00
1.471304440496201238e+00
1.477459612148147583e+00
1.483328443588751711e+00
1.488910459361324712e+00
1.494205241473241630e+00
1.499212429215708076e+00
1.503931718972693288e+00
1.508362864019050509e+00
1.512505674308060710e+00
1.516360016248404996e+00
1.519925812470825699e+00
1.523203041584456630e+00
1.526191737922952596e+00
1.528891991280719953e+00
1.531303946639090974e+00
1.533427803882784435e+00
1.535263817506768325e+00
1.536812296313468496e+00
1.538073603100634568e+00
1.539048154339993202e+00
1.539736419846665427e+00
1.540138922439611591e+00
1.540256237593232047e+00
1.540088993080183988e+00
1.539637868605605808e+00
1.538903595432877580e+00
1.537886956001035310e+00
1.536588783534001967e+00
1.535009961641730536e+00
1.533151423913467815e+00
1.531014153503195585e+00
1.528599182707452542e+00
1.525907592535663326e+00
1.522940512273088132e+00
1.519699119036557855e+00
1.516184637323132245e+00
1.512398338551845356e+00
1.508341540598630903e+00
1.504015607324657111e+00
1.499421948098039303e+00
1.494562017309351232e+00
1.489437313880825897e+00
1.484049380769453697e+00
1.478399804464228806e+00
1.472490214477716330e+00
1.466322282831657109e+00
1.459897723537426195e+00
1.453218292070977302e+00
1.446285784842622935e+00
1.439102038661761895e+00
1.431668930196713596e+00
1.423988375429731112e+00
1.416062329107500295e+00
1.407892784187044999e+00
1.399481771277398812e+00
1.390831358077078583e+00
1.381943648807546055e+00
1.372820783642587195e+00
1.363464938134251847e+00
1.353878322634833209e+00
1.344063181715783983e+00
1.334021793583074933e+00
1.323756469489170584e+00
1.313269553142493384e+00
1.302563420113513892e+00
1.291640477238358953e+00
1.280503162019660524e+00
1.269153942025204929e+00
1.257595314283667776e+00
1.245829804678881159e+00
1.233859967341502273e+00
1.221688384038925435e+00
1.209317663563669765e+00
1.196750441119643238e+00
1.183989377707299617e+00
1.171037159507166026e+00
1.157896497262314028e+00
1.144570125659616133e+00
1.131060802710057711e+00
1.117371309128230461e+00
1.103504447711000758e+00
1.089463042715768548e+00
1.075249939238217545e+00
1.060868002589434145e+00
1.046320117673590566e+00
1.031609188364640772e+00
1.016738136883743371e+00
1.001709903176394523e+00
9.865274442902699503e-01
9.711937337531735270e-01
9.557117609519211188e-01
9.400845305112294215e-01
9.243150616740790637e-01
9.084063876825149153e-01
8.923615551597302575e-01
8.761836234930812095e-01
8.598756642187654897e-01
8.434407604070222053e-01
8.268820060496762103e-01
8.102025054489588873e-01
7.934053726078019730e-01
7.764937306220727198e-01
7.594707110750886780e-01
7.423394534335240325e-01
7.251031044456116570e-01
7.077648175421337173e-01
6.903277522388754361e-01
6.727950735420661355e-01
6.551699513563511434e-01
6.374555598948877799e-01
6.196550770927760077e-01
6.017716840230383779e-01
5.838085643151560422e-01
5.657689035775902431e-01
5.476558888222600174e-01
5.294727078928731512e-01
5.112225488962917064e-01
4.929085996375845435e-01
4.745340470579210712e-01
4.561020766768887902e-01
4.376158720372080868e-01
4.190786141544048937e-01
4.004934809694901676e-01
3.818636468056159639e-01
3.631922818288314536e-01
3.444825515128931981e-01
3.257376161078296972e-01
3.069606301128710024e-01
2.881547417538620204e-01
2.693230924644344215e-01
2.504688163719666627e-01
2.315950397880277567e-01
2.127048807027766275e-01
1.938014482846057707e-01
1.748878423840394547e-01
1.559671530424101837e-01
1.370424600052489450e-01
1.181168322407448318e-01
9.919332746248124555e-02
8.027499165778093082e-02
6.136485862069390035e-02
4.246594948985082246e-02
2.358127229208653586e-02
4.713821490136379383e-03
-1.413342246332901890e-02
-3.295749356749978765e-02
-5.175544070891857640e-02
-7.052432809279696180e-02
-8.926123566738709825e-02
-1.079632595448582894e-01
-1.266275124151470255e-01
-1.452511239551676769e-01
-1.638312412321122347e-01
-1.823650291014404790e-01
-2.008496705987637132e-01
-2.192823673271515339e-01
-2.376603398374652343e-01
-2.559808280040081208e-01
-2.742410913939450912e-01
-2.924384096309709524e-01
-3.105700827535755604e-01
-3.286334315670445538e-01
-3.466257979900064234e-01
-3.645445453948382708e-01
-3.823870589423642441e-01
-4.001507459106620757e-01
-4.178330360177132663e-01
-4.354313817386968877e-01
-4.529432586166853847e-01
-4.703661655677091047e-01
-4.876976251800083650e-01
-5.049351840066972352e-01
-5.220764128531971693e-01
-5.391189070581813292e-01
-5.560602867686663675e-01
-5.728981972090037011e-01
-5.896303089438462708e-01
-6.062543181350452670e-01
-6.227679467928624035e-01
-6.391689430207900813e-01
-6.554550812540719251e-01
-6.716241624930637810e-01
-6.876740145295642259e-01
-7.036024921678725175e-01
-7.194074774393215410e-01
-7.350868798111613867e-01
-7.506386363889739899e-01
-7.660607121135936115e-01
-7.813510999516860567e-01
-7.965078210801205261e-01
-8.115289250651807063e-01
-8.264124900348984726e-01
-8.411566228457552086e-01
-8.557594592436733594e-01
-8.702191640187226795e-01
-8.845339311540808547e-01
-8.987019839689868173e-01
-9.127215752561124162e-01
-9.265909874125214385e-01
-9.403085325652892346e-01
-9.538725526908917729e-01
-9.672814197293095884e-01
-9.805335356916319300e-01
-9.936273327626382601e-01
-1.006561273397125200e+00
-1.019333850410530262e+00
-1.031943587064266143e+00
-1.044389037145050603e+00
-1.056668785038783032e+00
-1.068781445798429930e+00
-1.080725665207013408e+00
-1.092500119834457717e+00
-1.104103517089073172e+00
-1.115534595263777407e+00
-1.126792123576551896e+00
-1.137874902205727290e+00
-1.148781762319717625e+00
-1.159511566101401270e+00
-1.170063206767268715e+00
-1.180435608581409390e+00
-1.190627726863818348e+00
-1.200638547994079985e+00
-1.210467089409373864e+00
-1.220112399597484520e+00
-1.229573558085025109e+00
-1.238849675420242713e+00
-1.247939893150913138e+00
-1.256843383797284774e+00
-1.265559350820199436e+00
-1.274087028583998693e+00
-1.282425682314996651e+00
-1.290574608054887440e+00
-1.298533132609516638e+00
-1.306300613492682006e+00
-1.313876438865737351e+00
-1.321260027472060727e+00
-1.328450828567327990e+00
-1.335448321845025710e+00
-1.342252017357552729e+00
-1.348861455432948775e+00
-1.355276206587057386e+00
-1.361495871431501969e+00
-1.367520080577339314e+00
-1.373348494534388120e+00
-1.378980803606406624e+00
-1.384416727782161960e+00
-1.389656016622325740e+00
-1.394698449142308894e+00
-1.399543833691204942e+00
-1.404192007826698507e+00
-1.408642838186063839e+00
-1.412896220353369703e+00
-1.416952078722812924e+00
-1.420810366358414401e+00
-1.424471064849947677e+00
-1.427934184165220888e+00
-1.431199762498804207e+00
-1.434267866117214796e+00
-1.437138589200573913e+00
-1.439812053680945558e+00
-1.442288409077175038e+00
-1.444567832326437040e+00
-1.446650527612591830e+00
-1.448536726191226309e+00
-1.450226686211540494e+00
-1.451720692535219959e+00
-1.453019056552145027e+00
-1.454122115993136788e+00
-1.455030234739779216e+00
-1.455743802631334516e+00
-1.456263235268772771e+00
-1.456588973816101085e+00
-1.456721484798899624e+00
-1.456661259900200900e+00
-1.456408815753746255e+00
-1.455964693734679072e+00
-1.455329459747720433e+00
-1.454503704012883647e+00
-1.453488040848786245e+00
-1.452283108453618521e+00
-1.450889568683797703e+00
-1.449308106830407450e+00
-1.447539431393420228e+00
-1.445584273853797841e+00
-1.443443388443514497e+00
-1.441117551913574157e+00
-1.438607563299976189e+00
-1.435914243687896441e+00
-1.433038435973841063e+00
-1.429981004626142083e+00
-1.426742835443580937e+00
-1.423324835312342218e+00
-1.419727931961350720e+00
-1.415953073715988664e+00
-1.412001229250187118e+00
-1.407873387337155169e+00
-1.403570556598543018e+00
-1.399093765252339194e+00
-1.394444060859266754e+00
-1.389622510068111216e+00
-1.384630198359544373e+00
-1.379468229788999301e+00
-1.374137726728259512e+00
-1.368639829606024483e+00
-1.362975696647532597e+00
-1.357146503612945754e+00
-1.351153443535077825e+00
-1.344997726456053089e+00
-1.338680579163222362e+00
-1.332203244924304419e+00
-1.325566983221740269e+00
-1.318773069486262051e+00
-1.311822794830179495e+00
-1.304717465779514196e+00
-1.297458404006227806e+00
-1.290046946059316246e+00
-1.282484443096126858e+00
-1.274772260612551777e+00
-1.266911778173442027e+00
-1.258904389142460944e+00
-1.250751500411624084e+00
-1.242454532130777167e+00
-1.234014917436949244e+00
-1.225434102183051266e+00
-1.216713544667341163e+00
-1.207854715362026932e+00
-1.198859096642490796e+00
-1.189728182516073929e+00
-1.180463478351441386e+00
-1.171066500607509386e+00
-1.161538776563065589e+00
-1.151881844046136250e+00
-1.142097251164104321e+00
-1.132186556033794034e+00
-1.122151326511752645e+00
-1.111993139925409491e+00
-1.101713582804068725e+00
-1.091314250610808667e+00
-1.080796747474648711e+00
-1.070162685923262025e+00
-1.059413686616396788e+00
-1.048551378079630059e+00
-1.037577396439085531e+00
-1.026493385156447946e+00
-1.015300994765102827e+00
-1.004001882606956109e+00
-9.925977125695142345e-01
-9.810901548245015702e-01
-9.694808855669329040e-01
-9.577715867551871431e-01
-9.459639458517946631e-01
-9.340596555658114974e-01
-9.220604135951521174e-01
-9.099679223709119524e-01
-8.977838888020980290e-01
-8.855100240220037389e-01
-8.731480431350674420e-01
-8.606996649654122811e-01
-8.481666118060781079e-01
-8.355506091700024562e-01
-8.228533855418183052e-01
-8.100766721309030638e-01
-7.972222026262488770e-01
-7.842917129516507879e-01
-7.712869410234713952e-01
-7.582096265086020193e-01
-7.450615105847979702e-01
-7.318443357015156359e-01
-7.185598453432940902e-01
-7.052097837934385716e-01
-6.917958958999198549e-01
-6.783199268428004025e-01
-6.647836219027813964e-01
-6.511887262316645719e-01
-6.375369846244455241e-01
-6.238301412925116862e-01
-6.100699396392280649e-01
-5.962581220364927548e-01
-5.823964296033988797e-01
-5.684866019864113218e-01
-5.545303771413304661e-01
-5.405294911168032623e-01
-5.264856778399971127e-01
-5.124006689035593975e-01
-4.982761933545515887e-01
-4.841139774855672262e-01
-4.699157446269960348e-01
-4.556832149415794286e-01
-4.414181052206330169e-01
-4.271221286824090080e-01
-4.127969947720028787e-01
-3.984444089633915609e-01
-3.840660725631961925e-01
-3.696636825166063067e-01
-3.552389312151350564e-01
-3.407935063062128567e-01
-3.263290905049077706e-01
-3.118473614079038114e-01
-2.973499913085328461e-01
-2.828386470150275889e-01
-2.683149896698105996e-01
-2.537806745715188717e-01
-2.392373509984356827e-01
-2.246866620346411325e-01
-2.101302443974285838e-01
-1.955697282676978621e-01
-1.810067371214712784e-01
-1.664428875643654826e-01
-1.518797891675178757e-01
-1.373190443060489374e-01
-1.227622479992299814e-01
-1.082109877530013642e-01
-9.366684340464823122e-02
-7.913138696943945727e-02
-6.460618248967515964e-02
-5.009278588526734632e-02
-3.559274480733910090e-02
-2.110759849304562688e-02
-6.638877623221945898e-03
7.811895818059797977e-03
2.224320868170023488e-02
3.665355679002718636e-02
5.104144507049167279e-02
6.540538768752417187e-02
7.974390817230878059e-02
9.405553955023425450e-02
1.083388244659021643e-01
1.225923153069272548e-01
1.368145743243366352e-01
1.510041737518000859e-01
1.651596959219795435e-01
1.792797333813503091e-01
1.933628890021845681e-01
2.074077760931661296e-01
2.214130185069739243e-01
2.353772507464592934e-01
2.492991180682328778e-01
2.631772765840990624e-01
2.770103933606551938e-01
2.907971465165459790e-01
3.045362253173415357e-01
3.182263302687443618e-01
3.318661732075030013e-01
3.454544773895379395e-01
3.589899775774498814e-01
3.724714201241284273e-01
3.858975630555964154e-01
3.992671761510871997e-01
4.125790410209827508e-01
4.258319511833751347e-01
4.390247121373565542e-01
4.521561414352887054e-01
4.652250687525354422e-01
4.782303359550132971e-01
4.911707971647912840e-01
5.040453188239689686e-01
5.168527797559449022e-01
5.295920712249089224e-01
5.422620969936288171e-01
5.548617733782971184e-01
5.673900293024274344e-01
5.798458063481184421e-01
5.922280588055066630e-01
6.045357537201210274e-01
6.167678709384412095e-01
6.289234031510952949e-01
6.410013559348116674e-01
6.530007477916764946e-01
6.649206101869837848e-01
6.767599875846709301e-01
6.885179374815678655e-01
7.001935304386676107e-01
7.117858501116804959e-01
7.232939932789437254e-01
7.347170698676362965e-01
7.460542029782031292e-01
7.573045289069307850e-01
7.684671971664591705e-01
7.795413705051295050e-01
7.905262249235008865e-01
8.014209496900239760e-01
8.122247473543730001e-01
8.229368337592012361e-01
8.335564380501060411e-01
8.440828026838171905e-01
8.545151834347474162e-01
8.648528493997585942e-01
8.750950830012260706e-01
8.852411799882252685e-01
8.952904494364734012e-01
9.052422137462665663e-01
9.150958086389197055e-01
9.248505831513331721e-01
9.345058996293534870e-01
9.440611337190274455e-01
9.535156743568728999e-01
9.628689237578235138e-01
9.721202974022984389e-01
9.812692240213793937e-01
9.903151455804828363e-01
9.992575172614610590e-01
1.008095807443419423e+00
1.016829497681905004e+00
1.025458082686461214e+00
1.033981070297051774e+00
1.042397981458896394e+00
1.050708350195629803e+00
1.058911723581510644e+00
1.067007661711950606e+00
1.074995737672662877e+00
1.082875537507521635e+00
1.090646660185049077e+00
1.098308717563565517e+00
1.105861334355000336e+00
1.113304148087469914e+00
1.120636809066545059e+00
1.127858980335110672e+00
1.134970337632155157e+00
1.141970569350319931e+00
1.148859376491980999e+00
1.155636472624542277e+00
1.162301583834061347e+00
1.168854448678147362e+00
1.175294818137244679e+00
1.181622455565266794e+00
1.187837136638775659e+00
1.193938649305051891e+00
1.199926793729197527e+00
1.205801382240267783e+00
1.211562239275865815e+00
1.217209201326323376e+00
1.222742116877409968e+00
1.228160846352236879e+00
1.233465262051934408e+00
1.238655248095698047e+00
1.243730700359509278e+00
1.248691526414240860e+00
1.253537645462551087e+00
1.258268988275008438e+00
1.262885497125297851e+00
1.267387125724469987e+00
1.271773839154468622e+00
1.276045613800631529e+00
1.280202437283551875e+00
1.284244308389882239e+00
1.288171237002543768e+00
1.291983244029982103e+00
1.295680361334849762e+00
1.299262631661718848e+00
1.302730108564160050e+00
1.306082856331130193e+00
1.309320949912526233e+00
1.312444474844158604e+00
1.315453527172024906e+00
1.318348213375856837e+00
1.321128650292115125e+00
1.323794965036227289e+00
1.326347294924359987e+00
1.328785787394430651e+00
1.331110599926667692e+00
1.333321899963535895e+00
1.335419864829062053e+00
1.337404681647723415e+00
1.339276547262725270e+00
1.341035668153775395e+00
1.342682260354406187e+00
1.344216549368809410e+00
1.345638770088107838e+00
1.346949166706315593e+00
1.348147992635737813e+00
1.349235510422047035e+00
1.350211991658869071e+00
1.351077716901996295e+00
1.351832975583264540e+00
1.352478065923990114e+00
1.353013294848092851e+00
1.353438977894898088e+00
1.353755439131568261e+00
1.353963011065248745e+00
1.354062034554917471e+00
1.354052858722932573e+00
1.353935840866323570e+00
1.353711346367827195e+00
1.353379748606661881e+00
1.352941428869086415e+00
1.352396776258735001e+00
1.351746187606741367e+00
1.350990067381688808e+00
1.350128827599355263e+00
1.349162887732317184e+00
1.348092674619368436e+00
1.346918622374845276e+00
1.345641172297761479e+00
1.344260772780903945e+00
1.342777879219713366e+00
1.341192953921204634e+00
1.339506466012699182e+00
1.337718891350540451e+00
1.335830712428767386e+00
1.333842418287667364e+00
1.331754504422402174e+00
1.329567472691518759e+00
1.327281831225512798e+00
1.324898094335327237e+00
1.322416782421003134e+00
1.319838421880128676e+00
1.317163545016530435e+00
1.314392689948915782e+00
1.311526400519552826e+00
1.308565226203086462e+00
1.305509722015414598e+00
1.302360448422524408e+00
1.299117971249645676e+00
1.295782861590346169e+00
1.292355695715816877e+00
1.288837054984214081e+00
1.285227525750317623e+00
1.281527699275027965e+00
1.277738171635366626e+00
1.273859543634378255e+00
1.269892420711344228e+00
1.265837412852184096e+00
1.261695134499942084e+00
1.257466204465612858e+00
1.253151245839065009e+00
1.248750885900263397e+00
1.244265756030738190e+00
1.239696491625168484e+00
1.235043732003366923e+00
1.230308120322373355e+00
1.225490303488991906e+00
1.220590932072407986e+00
1.215610660217138594e+00
1.210550145556524182e+00
1.205410049126016236e+00
1.200191035277173857e+00
1.194893771591876597e+00
1.189518928796849950e+00
1.184067180678318731e+00
1.178539203997426954e+00
1.172935678405514048e+00
1.167257286360027901e+00
1.161504713040821146e+00
1.155678646266547371e+00
1.149779776411797405e+00
1.143808796324235821e+00
1.137766401242322312e+00
1.131653288713463379e+00
1.125470158512297258e+00
1.119217712559798850e+00
1.112896654842390420e+00
1.106507691331704235e+00
1.100051529904535030e+00
1.093528880263568093e+00
1.086940453858162181e+00
1.080286963805792810e+00
1.073569124813940512e+00
1.066787653102249989e+00
1.059943266325239719e+00
1.053036683495632175e+00
1.046068624907732447e+00
1.039039812061724577e+00
1.031950967588214585e+00
1.024802815173195158e+00
1.017596079483485516e+00
1.010331486092917119e+00
1.003009761408697686e+00
9.956316325984068127e-01
9.881978275174647663e-01
9.807090746371235346e-01
9.731661029728864154e-01
9.655696420134826097e-01
9.579204216503773850e-01
9.502191721077986042e-01
9.424666238733077073e-01
9.346635076286523569e-01
9.268105541814064541e-01
9.189084943971898012e-01
9.109580591320475262e-01
9.029599791659521646e-01
8.949149851360299612e-01
8.868238074711949359e-01
8.786871763266711488e-01
8.705058215193858251e-01
8.622804724638841734e-01
8.540118581086821870e-01
8.457007068731965393e-01
8.373477465852554591e-01
8.289537044192250015e-01
8.205193068346049445e-01
8.120452795151866798e-01
8.035323473089165391e-01
7.949812341680607686e-01
7.863926630901088011e-01
7.777673560593050262e-01
7.691060339885100738e-01
7.604094166619300710e-01
7.516782226783008669e-01
7.429131693943666903e-01
7.341149728693903143e-01
7.252843478099950669e-01
7.164220075154554834e-01
7.075286638240333437e-01
6.986050270593305855e-01
6.896518059774021658e-01
6.806697077147678687e-01
6.716594377366239543e-01
6.626216997856324564e-01
6.535571958318049379e-01
6.444666260220346388e-01
6.353506886312404456e-01
6.262100800132853751e-01
6.170454945530604585e-01
6.078576246185966037e-01
5.986471605144785268e-01
5.894147904348875366e-01
5.801612004180808357e-01
5.708870743011584814e-01
5.615930936751774016e-01
5.522799378411449300e-01
5.429482837666292916e-01
5.335988060425116419e-01
5.242321768408220173e-01
5.148490658730562330e-01
5.054501403486270084e-01
4.960360649345403328e-01
4.866075017153428384e-01
4.771651101533698758e-01
4.677095470500828300e-01
4.582414665076726124e-01
4.487615198913046943e-01
4.392703557919705459e-01
4.297686199897370329e-01
4.202569554179821920e-01
4.107360021275377471e-01
4.012063972521676125e-01
3.916687749738755331e-01
3.821237664895519859e-01
3.725719999773377533e-01
3.630141005641123741e-01
3.534506902935800055e-01
3.438823880944869571e-01
3.343098097497158583e-01
3.247335678661483205e-01
3.151542718442255087e-01
3.055725278491293051e-01
2.959889387818721018e-01
2.864041042508598256e-01
2.768186205444676529e-01
2.672330806040533746e-01
2.576480739968619593e-01
2.480641868903712965e-01
2.384820020266704144e-01
2.289020986974808769e-01
2.193250527196750899e-01
2.097514364115424523e-01
2.001818185690764640e-01
1.906167644433675867e-01
1.810568357181940313e-01
1.715025904882057917e-01
1.619545832376639571e-01
1.524133648195143131e-01
1.428794824353753212e-01
1.333534796155635138e-01
1.238358961998828889e-01
1.143272683188465422e-01
1.048281283758783489e-01
9.533900502877037941e-02
8.586042317310237093e-02
7.639290392527799123e-02
6.693696460619964761e-02
5.749311872554304509e-02
4.806187596673809626e-02
3.864374217177431181e-02
2.923921932707334095e-02
1.984880554969308680e-02
1.047299507393361327e-02
1.112278238378558827e-03
-8.232858526191363935e-03
-1.756193270933449277e-02
-2.687446573188578824e-02
-3.616998295727678198e-02
-4.544801370217859543e-02
-5.470809124610629542e-02
-6.394975284177917274e-02
-7.317253972393643335e-02
-8.237599711803818281e-02
-9.155967424896270523e-02
-1.007231243485726957e-01
-1.098659046631753206e-01
-1.189875764609145542e-01
-1.280877050377527970e-01
-1.371658597244458377e-01
-1.462216138915332919e-01
-1.552545449552181211e-01
-1.642642343818158102e-01
-1.732502676927334950e-01
-1.822122344682443051e-01
-1.911497283514350387e-01
-2.000623470511031787e-01
-2.089496923451567567e-01
-2.178113700826822263e-01
-2.266469901863057690e-01
-2.354561666538779463e-01
-2.442385175597738267e-01
-2.529936650557770839e-01
-2.617212353717646156e-01
-2.704208588158388826e-01
-2.790921697741953200e-01
-2.877348067107650120e-01
-2.963484121658901960e-01
-3.049326327554900962e-01
-3.134871191690916659e-01
-3.220115261682475749e-01
-3.305055125838293750e-01
-3.389687413136431293e-01
-3.474008793192445155e-01
-3.558015976228350863e-01
-3.641705713030204405e-01
-3.725074794916287679e-01
-3.808120053686002149e-01
-3.890838361577668714e-01
-3.973226631216518756e-01
-4.055281815563647196e-01
-4.137000907855963305e-01
-4.218380941550938235e-01
-4.299418990262763862e-01
-4.380112167695489611e-01
-4.460457627575535877e-01
-4.540452563581564571e-01
-4.620094209265993013e-01
-4.699379837983408970e-01
-4.778306762805311636e-01
-4.856872336440110627e-01
-4.935073951146282112e-01
-5.012909038643107440e-01
-5.090375070020017878e-01
-5.167469555642904000e-01
-5.244190045057425253e-01
-5.320534126889042703e-01
-5.396499428741773352e-01
-5.472083617092430297e-01
-5.547284397185593408e-01
-5.622099512922518194e-01
-5.696526746750503190e-01
-5.770563919547251341e-01
-5.844208890506388254e-01
-5.917459557013574623e-01
-5.990313854531181814e-01
-6.062769756470769433e-01
-6.134825274068097523e-01
-6.206478456254668208e-01
-6.277727389528937607e-01
-6.348570197820394556e-01
-6.419005042359011703e-01
-6.489030121536042417e-01
-6.558643670765604838e-01
-6.627843962344838191e-01
-6.696629305310830560e-01
-6.764998045293796336e-01
-6.832948564374099476e-01
-6.900479280931014481e-01
-6.967588649494158570e-01
-7.034275160589503750e-01
-7.100537340586292601e-01
-7.166373751541595949e-01
-7.231782991043128606e-01
-7.296763692048305883e-01
-7.361314522725483922e-01
-7.425434186290877925e-01
-7.489121420842199672e-01
-7.552374999197631888e-01
-7.615193728724310995e-01
-7.677576451172234417e-01
-7.739522042502928745e-01
-7.801029412718122336e-01
-7.862097505686698184e-01
-7.922725298969992558e-01
-7.982911803646838278e-01
-8.042656064135600413e-01
-8.101957158016056537e-01
-8.160814195849688257e-01
-8.219226320998765933e-01
-8.277192709443664809e-01
-8.334712569601415710e-01
-8.391785142138821207e-01
-8.448409699787915450e-01
-8.504585547160312675e-01
-8.560312020556559709e-01
-8.615588487780457827e-01
-8.670414347948182110e-01
-8.724789031296437125e-01
-8.778711998991726162e-01
-8.832182742937141340e-01
-8.885200785579506766e-01
-8.937765679713901568e-01
-8.989877008289316462e-01
-9.041534384211759034e-01
-9.092737450147780898e-01
-9.143485878325792182e-01
-9.193779370339053569e-01
-9.243617656945261052e-01
-9.293000497867647258e-01
-9.341927681593675814e-01
-9.390399025174358538e-01
-9.438414374021254494e-01
-9.485973601706164660e-01
-9.533076609756535591e-01
-9.579723327452617232e-01
-9.625913711622300362e-01
-9.671647746439293591e-01
-9.716925443213840774e-01
-9.761746840191741770e-01
-9.806112002345577228e-01
-9.850021021169959035e-01
-9.893474014473774281e-01
-9.936471126172968793e-01
-9.979012526084918289e-01
-1.002109840971923793e+00
-1.006272899807007626e+00
-1.010390453740850347e+00
-1.014462529907383059e+00
-1.018489157926350863e+00
-1.022470369882668262e+00
-1.026406200305328253e+00
-1.030296686146600305e+00
-1.034141866760954542e+00
-1.037941783884269942e+00
-1.041696481612720326e+00
-1.045406006381923936e+00
-1.049070406945970646e+00
-1.052689734356331952e+00
-1.056264041941016085e+00
-1.059793385283530620e+00
-1.063277822201839307e+00
-1.066717412727566705e+00
-1.070112219084819571e+00
-1.073462305669439454e+00
-1.076767739027895354e+00
-1.080028587836383114e+00
-1.083244922879882388e+00
-1.086416817031418347e+00
-1.089544345230879063e+00
-1.092627584464410440e+00
-1.095666613743394358e+00
-1.098661514083632884e+00
-1.101612368484605975e+00
-1.104519261908651462e+00
-1.107382281260240964e+00
-1.110201515365154767e+00
-1.112977054949907618e+00
-1.115708992620974005e+00
-1.118397422844199074e+00
-1.121042441924227528e+00
-1.123644147983880570e+00
-1.126202640943688049e+00
-1.128718022501371543e+00
-1.131190396111342533e+00
-1.133619866964436618e+00
-1.136006541967413463e+00
-1.138350529722696125e+00
-1.140651940508140560e+00
-1.142910886256732983e+00
-1.145127480536444198e+00
-1.147301838530180529e+00
-1.149434077015574873e+00
-1.151524314345115041e+00
-1.153572670426055380e+00
-1.155579266700582641e+00
-1.157544226125889697e+00
-1.159467673154497724e+00
-1.161349733714391874e+00
-1.163190535189426722e+00
-1.164990206399719286e+00
-1.166748877581999633e+00
-1.168466680370221056e+00
-1.170143747776100973e+00
-1.171780214169783951e+00
-1.173376215260498290e+00
-1.174931888077374698e+00
-1.176447370950269855e+00
-1.177922803490702330e+00
-1.179358326572845561e+00
-1.180754082314540376e+00
-1.182110214058453623e+00
-1.183426866353317397e+00
-1.184704184935103877e+00
-1.185942316708526345e+00
-1.187141409728343033e+00
-1.188301613180947625e+00
-1.189423077365886483e+00
-1.190505953677622353e+00
-1.191550394587140405e+00
-1.192556553623926652e+00
-1.193524585357755630e+00
-1.194454645380777613e+00
-1.195346890289502140e+00
-1.196201477666999802e+00
-1.197018566065171097e+00
-1.197798314987013502e+00
-1.198540884869082390e+00
-1.199246437063960169e+00
-1.199915133822877511e+00
-1.200547138278332815e+00
-1.201142614426905730e+00
-1.201701727112095552e+00
-1.202224642007250210e+00
-1.202711525598622044e+00
-1.203162545168466657e+00
-1.203577868778257676e+00
-1.203957665252024078e+00
-1.204302104159720610e+00
-1.204611355800726979e+00
-1.204885591187445204e+00
-1.205124982028960456e+00
-1.205329700714823149e+00
-1.205499920298938266e+00
-1.205635814483488000e+00
-1.205737557603043353e+00
-1.205805324608675067e+00
-1.205839291052238860e+00
-1.205839633070706629e+00
-1.205806527370626879e+00
-1.205740151212669087e+00
-1.205640682396258434e+00
-1.205508299244334447e+00
-1.205343180588170693e+00
-1.205145505752337476e+00
-1.204915454539726705e+00
-1.204653207216697997e+00
-1.204358944498316042e+00
-1.204032847533690553e+00
-1.203675097891416135e+00
-1.203285877545113847e+00
-1.202865368859072470e+00
-1.202413754573991023e+00
-1.201931217792824969e+00
-1.201417941966726133e+00
-1.200874110881101409e+00
-1.200299908641748292e+00
-1.199695519661117205e+00
-1.199061128644653529e+00
-1.198396920577271985e+00
-1.197703080709891177e+00
-1.196979794546114917e+00
-1.196227247828981044e+00
-1.195445626527837257e+00
-1.194635116825297771e+00
-1.193795905104333421e+00
-1.192928177935423717e+00
-1.192032122063857447e+00
-1.191107924397096784e+00
-1.190155771992260192e+00
-1.189175852043718562e+00
-1.188168351870774408e+00
-1.187133458905473615e+00
-1.186071360680478248e+00
-1.184982244817065711e+00
-1.183866299013256018e+00
-1.182723711031985259e+00
-1.181554668689425380e+00
-1.180359359843415445e+00
-1.179137972381928412e+00
-1.177890694211723321e+00
-1.176617713247051222e+00
-1.175319217398477001e+00
-1.173995394561802019e+00
-1.172646432607089340e+00
-1.171272519367797749e+00
-1.169873842629997718e+00
-1.168450590121697941e+00
-1.167002949502313758e+00
-1.165531108352146683e+00
-1.164035254162104849e+00
-1.162515574323319756e+00
-1.160972256117115409e+00
-1.159405486704841559e+00
-1.157815453117957194e+00
-1.156202342248215942e+00
-1.154566340837817728e+00
-1.152907635469818004e+00
-1.151226412558529866e+00
-1.149522858340080500e+00
-1.147797158863068212e+00
-1.146049499979294284e+00
-1.144280067334551232e+00
-1.142489046359644211e+00
-1.140676622261358908e+00
-1.138842980013628603e+00
-1.136988304348750978e+00
-1.135112779748762346e+00
-1.133216590436771698e+00
-1.131299920368588952e+00
-1.129362953224269495e+00
-1.127405872399880771e+00
-1.125428860999254876e+00
-1.123432101826011609e+00
-1.121415777375419864e+00
-1.119380069826633184e+00
-1.117325161034758985e+00
-1.115251232523255753e+00
-1.113158465476262737e+00
-1.111047040731103719e+00
-1.108917138770822541e+00
-1.106768939716895828e+00
-1.104602623321944588e+00
-1.102418368962597706e+00
-1.100216355632504639e+00
-1.097996761935277732e+00
-1.095759766077655240e+00
-1.093505545862704098e+00
-1.091234278683155701e+00
-1.088946141514778088e+00
-1.086641310909916669e+00
-1.084319962990997643e+00
-1.081982273444244358e+00
-1.079628417513436078e+00
-1.077258569993713389e+00
-1.074872905225549236e+00
-1.072471597088759054e+00
-1.070054818996619028e+00
-1.067622743890022541e+00
-1.065175544231786287e+00
-1.062713392001074286e+00
-1.060236458687695338e+00
-1.057744915286852549e+00
-1.055238932293567800e+00
-1.052718679697499660e+00
-1.050184326977722238e+00
-1.047636043097537994e+00
-1.045073996499508606e+00
-1.042498355100510032e+00
-1.039909286286732737e+00
-1.037306956909004985e+00
-1.034691533277985576e+00
-1.032063181159618370e+00
-1.029422065770534411e+00
-1.026768351773542642e+00
-1.024102203273280720e+00
-1.021423783811898689e+00
-1.018733256364772188e+00
-1.016030783336355992e+00
-1.013316526556232278e+00
-1.010590647274858922e+00
-1.007853306159802287e+00
-1.005104663291884970e+00
-1.002344878161390840e+00
-9.995741096642266621e-01
-9.967925160985990907e-01
-9.940002551611203385e-01
-9.911974839435320206e-01
-9.883843589292464760e-01
-9.855610359900123241e-01
-9.827276703826355320e-01
-9.798844167458580223e-01
-9.770314290971702231e-01
-9.741688608297069951e-01
-9.712968647094135655e-01
-9.684155928720296069e-01
-9.655251968203595325e-01
-9.626258274213215227e-01
-9.597176349034635123e-01
-9.568007688541123601e-01
-9.538753782170079631e-01
-9.509416112896196260e-01
-9.479996157209394925e-01
-9.450495385088699685e-01
-9.420915259980746637e-01
-9.391257238777422911e-01
-9.361522771792614162e-01
-9.331713302743446237e-01
-9.301830268728490392e-01
-9.271875100207968012e-01
-9.241849220984148516e-01
-9.211754048184980226e-01
-9.181590992242765203e-01
-9.151361456879406608e-01
-9.121066839089291278e-01
-9.090708529122150106e-01
-9.060287910468752814e-01
-9.029806359844325669e-01
-8.999265247175827209e-01
-8.968665935587989413e-01
-8.938009781389083530e-01
-8.907298134059342676e-01
-8.876532336238268650e-01
-8.845713723712930188e-01
-8.814843625407665639e-01
-8.783923363374738225e-01
-8.752954252781574018e-01
-8.721937601903763104e-01
-8.690874712115904677e-01
-8.659766877882523195e-01
-8.628615386751655736e-01
-8.597421519347056007e-01
-8.566186549360880198e-01
-8.534911743549301599e-01
-8.503598361724469257e-01
-8.472247656751810130e-01
-8.440860874543201220e-01
-8.409439254055711688e-01
-8.377984027284217650e-01
-8.346496419261336674e-01
-8.314977648053664128e-01
-8.283428924759129730e-01
-8.251851453505717471e-01
-8.220246431451124769e-01
-8.188615048779698258e-01
-8.156958488704602050e-01
-8.125277927466125760e-01
-8.093574534333141113e-01
-8.061849471603672601e-01
-8.030103894607266701e-01
-7.998338951705730171e-01
-7.966555784295662468e-01
-7.934755526811902993e-01
-7.902939306729294122e-01
-7.871108244568825185e-01
-7.839263453898360767e-01
-7.807406041339836067e-01
-7.775537106572190105e-01
-7.743657742337745065e-01
-7.711769034446371851e-01
-7.679872061784095427e-01
-7.647967896316372194e-01
-7.616057603096735296e-01
-7.584142240273707980e-01
-7.552222859097317276e-01
-7.520300503928423197e-01
-7.488376212246220520e-01
-7.456451014656598764e-01
-7.424525934900824131e-01
-7.392601989866316448e-01
-7.360680189594329681e-01
-7.328761537291655914e-01
-7.296847029340465252e-01
-7.264937655307471820e-01
-7.233034397957400774e-01
-7.201138233262324162e-01
-7.169250130414025479e-01
-7.137371051836719493e-01
-7.105501953197809195e-01
-7.073643783421962317e-01
-7.041797484701740606e-01
-7.009963992514037789e-01
-6.978144235630548975e-01
-6.946339136134058734e-01
-6.914549609429979649e-01
-6.882776564262459429e-01
-6.851020902728514050e-01
-6.819283520293185630e-01
-6.787565305803431315e-01
-6.755867141506407547e-01
-6.724189903061579265e-01
-6.692534459559780213e-01
-6.660901673537654721e-01
-6.629292400994130086e-01
-6.597707491408726366e-01
-6.566147787756709819e-01
-6.534614126527371614e-01
-6.503107337741235172e-01
-6.471628244968018473e-01
-6.440177665343529423e-01
-6.408756409589392300e-01
-6.377365282030668103e-01
-6.346005080614184335e-01
-6.314676596927374375e-01
-6.283380616217847381e-01
-6.252117917411836867e-01
-6.220889273135802311e-01
-6.189695449733155774e-01
-6.158537207285468273e-01
-6.127415299632786860e-01
-6.096330474393626409e-01
-6.065283472984882573e-01
-6.034275030644868920e-01
-6.003305876450114598e-01
-5.972376733339305188e-01
-5.941488318133651969e-01
-5.910641341558504624e-01
-5.879836508263239780e-01
-5.849074516847008187e-01
-5.818356059875431363e-01
-5.787681823906125622e-01
-5.757052489508973636e-01
-5.726468731290058622e-01
-5.695931217913057232e-01
-5.665440612122392139e-01
-5.634997570765172270e-01
-5.604602744815198045e-01
-5.574256779394616279e-01
-5.543960313799028983e-01
-5.513713981518602036e-01
-5.483518410263699128e-01
-5.453374221986529991e-01
-5.423282032906205918e-01
-5.393242453531457148e-01
-5.363256088685098844e-01
-5.333323537528924518e-01
-5.303445393586181389e-01
-5.273622244767234291e-01
-5.243854673392822630e-01
-5.214143256219367917e-01
-5.184488564463001214e-01
-5.154891163825627842e-01
-5.125351614516906462e-01
-5.095870471282198944e-01
-5.066448283425271093e-01
-5.037085594834750379e-01
-5.007782944007560522e-01
-4.978540864076951289e-01
-4.949359882835538404e-01
-4.920240522759817270e-01
-4.891183301039286335e-01
-4.862188729597717862e-01
-4.833257315121859965e-01
-4.804389559085670558e-01
-4.775585957776893320e-01
-4.746847002320848663e-01
-4.718173178709113014e-01
-4.689564967822582031e-01
-4.661022845460838226e-01
-4.632547282364453678e-01
-4.604138744243624348e-01
-4.575797691802842015e-01
-4.547524580767622338e-01
-4.519319861911279546e-01
-4.491183981080589804e-01
-4.463117379221503978e-01
-4.435120492406607884e-01
-4.407193751860327691e-01
-4.379337583986177562e-01
-4.351552410392606762e-01
-4.323838647920876799e-01
-4.296196708668660325e-01
-4.268627000019709072e-01
-4.241129924668063378e-01
-4.213705880645751689e-01
-4.186355261348769230e-01
-4.159078455565103360e-01
-4.131875847498723275e-01
-4.104747816798201554e-01
-4.077694738582762213e-01
-4.050716983469185295e-01
-4.023814917596990060e-01
-3.996988902658270004e-01
-3.970239295920839351e-01
-3.943566450256043021e-01
-3.916970714166847500e-01
-3.890452431811861067e-01
-3.864011943035180474e-01
-3.837649583390680963e-01
-3.811365684168058210e-01
-3.785160572422066050e-01
-3.759034570996790392e-01
-3.732987998552813047e-01
-3.707021169595845489e-01
-3.681134394500069074e-01
-3.655327979536135419e-01
-3.629602226897700179e-01
-3.603957434728799480e-01
-3.578393897148283709e-01
-3.552911904278623911e-01
-3.527511742270578177e-01
-3.502193693329901936e-01
-3.476958035744303621e-01
-3.451805043909506043e-01
-3.426734988355270572e-01
-3.401748135773151049e-01
-3.376844749040101568e-01
-3.352025087246746082e-01
-3.327289405722975713e-01
-3.302637956064383151e-01
-3.278070986156886857e-01
-3.253588740206044272e-01
-3.229191458759229083e-01
-3.204879378733971884e-01
-3.180652733443296576e-01
-3.156511752621609657e-01
-3.132456662450833207e-01
-3.108487685585304972e-01
-3.084605041178408169e-01
-3.060808944908255946e-01
-3.037099609002445466e-01
-3.013477242263932765e-01
-2.989942050098637893e-01
-2.966494234537661034e-01
-2.943133994263875119e-01
-2.919861524638781569e-01
-2.896677017725718950e-01
-2.873580662316003176e-01
-2.850572643954993879e-01
-2.827653144965724952e-01
-2.804822344473958395e-01
-2.782080418434957902e-01
-2.759427539656624795e-01
-2.736863877824064484e-01
-2.714389599527047836e-01
-2.692004868282061869e-01
-2.669709844557551781e-01
-2.647504685799399460e-01
-2.625389546453353873e-01
-2.603364577993934059e-01
-2.581429928943140273e-01
-2.559585744898318360e-01
-2.537832168555491652e-01
-2.516169339733495547e-01
-2.494597395398053530e-01
-2.473116469686059138e-01
-2.451726693928298340e-01
-2.430428196675669117e-01
-2.409221103719652868e-01
-2.388105538119568161e-01
-2.367081620221689053e-01
-2.346149467689617740e-01
-2.325309195519657257e-01
-2.304560916069823551e-01
-2.283904739081318302e-01
-2.263340771701108090e-01
-2.242869118505310955e-01
-2.222489881524594424e-01
-2.202203160262309889e-01
-2.182009051721808257e-01
-2.161907650426789229e-01
-2.141899048443657305e-01
-2.121983335406477378e-01
-2.102160598537654856e-01
-2.082430922670322482e-01
-2.062794390270628608e-01
-2.043251081460838725e-01
-2.023801074039352221e-01
-2.004444443507198692e-01
-1.985181263084285774e-01
-1.966011603734811319e-01
-1.946935534188102834e-01
-1.927953120960257671e-01
-1.909064428375385758e-01
-1.890269518588855169e-01
-1.871568451604753158e-01
-1.852961285301031047e-01
-1.834448075448866788e-01
-1.816028875734321257e-01
-1.797703737777807675e-01
-1.779472711158539555e-01
-1.761335843429915893e-01
-1.743293180145862598e-01
-1.725344764876914072e-01
-1.707490639232771279e-01
-1.689730842882961603e-01
-1.672065413576804549e-01
-1.654494387161776492e-01
-1.637017797606561409e-01
-1.619635677018616549e-01
-1.602348055665220039e-01
-1.585154961992628897e-01
-1.568056422647216563e-01
-1.551052462492036321e-01
-1.534143104629543397e-01
-1.517328370418545014e-01
-1.500608279494331787e-01
-1.483982849788696712e-01
-1.467452097547471135e-01
-1.451016037349737442e-01
-1.434674682127539680e-01
-1.418428043183099230e-01
-1.402276130208905403e-01
-1.386218951306513181e-01
-1.370256513002540977e-01
-1.354388820269042948e-01
-1.338615876541089655e-01
-1.322937683735131709e-01
-1.307354242265471866e-01
-1.291865551065696782e-01
-1.276471607601353808e-01
-1.261172407891764102e-01
-1.245967946525764064e-01
-1.230858216680023182e-01
-1.215843210133673996e-01
-1.200922917290586506e-01
-1.186097327191694695e-01
-1.171366427533775401e-01
-1.156730204686625685e-01
-1.142188643708938883e-01
-1.127741728367647883e-01
-1.113389441149712361e-01
-1.099131763283029140e-01
-1.084968674750086265e-01
-1.070900154305378521e-01
-1.056926179490629975e-01
-1.043046726653475836e-01
-1.029261770958895955e-01
-1.015571286408274571e-01
-1.001975245854181268e-01
-9.884736210159388026e-02
-9.750663824947816694e-02
-9.617534997906873606e-02
-9.485349413149379849e-02
-9.354106744076240432e-02
-9.223806653508775932e-02
-9.094448793855587632e-02
-8.966032807245680192e-02
-8.838558325696066476e-02
-8.712024971218960967e-02
-8.586432356004992938e-02
-8.461780082548944759e-02
-8.338067743798129039e-02
-8.215294923281868389e-02
-8.093461195272476372e-02
-7.972566124906621532e-02
-7.852609268326306291e-02
-7.733590172818786967e-02
-7.615508376958289583e-02
-7.498363410734847079e-02
-7.382154795681980519e-02
-7.266882045021076653e-02
-7.152544663780978362e-02
-7.039142148937178878e-02
-6.926673989532186604e-02
-6.815139666830238863e-02
-6.704538654400009345e-02
-6.594870418270097623e-02
-6.486134417059752355e-02
-6.378330102073090369e-02
-6.271456917448310631e-02
-6.165514300279228282e-02
-6.060501680712132577e-02
-5.956418482085791555e-02
-5.853264121046777152e-02
-5.751038007654837164e-02
-5.649739545513730865e-02
-5.549368131889154815e-02
-5.449923157799083789e-02
-5.351404008147215424e-02
-5.253810061831745704e-02
-5.157140691847190983e-02
-5.061395265396890358e-02
-4.966573144025009101e-02
-4.872673683676879974e-02
-4.779696234846483177e-02
-4.687640142669914634e-02
-4.596504747006031899e-02
-4.506289382589478282e-02
-4.416993379082738425e-02
-4.328616061206431304e-02
-4.241156748824485845e-02
-4.154614757051714596e-02
-4.068989396345659010e-02
-3.984279972614947901e-02
-3.900485787300199403e-02
-3.817606137468532862e-02
-3.735640315927503396e-02
-3.654587611285254473e-02
-3.574447308068179341e-02
-3.495218686811157882e-02
-3.416901024123330383e-02
-3.339493592796709959e-02
-3.262995661887398147e-02
-3.187406496801598044e-02
-3.112725359380572737e-02
-3.038951507987477929e-02
-2.966084197581451629e-02
-2.894122679808190310e-02
-2.823066203080703065e-02
-2.752914012641523994e-02
-2.683665350685142392e-02
-2.615319456380201316e-02
-2.547875565981101362e-02
-2.481332912897702206e-02
-2.415690727761099499e-02
-2.350948238502931220e-02
-2.287104670436552328e-02
-2.224159246310976681e-02
-2.162111186392905171e-02
-2.100959708536074763e-02
-2.040704028240857351e-02
-1.981343358727385984e-02
-1.922876911010546613e-02
-1.865303893947795402e-02
-1.808623514320833667e-02
-1.752834976872689673e-02
-1.697937484410575598e-02
-1.643930237820629900e-02
-1.590812436174529609e-02
-1.538583276745142739e-02
-1.487241955099494195e-02
-1.436787665135621540e-02
-1.387219599138734237e-02
-1.338536947847952102e-02
-1.290738900513339026e-02
-1.243824644925892696e-02
-1.197793367489968265e-02
-1.152644253271534365e-02
-1.108376486033884820e-02
-1.064989248315725834e-02
-1.022481721456226962e-02
-9.808530856364553255e-03
-9.401025199515885070e-03
-9.002292024301538492e-03
-8.612323100984892177e-03
-8.231110190153521217e-03
-7.858645043084496948e-03
-7.494919402272949387e-03
-7.139925001720236891e-03
-6.793653567385394068e-03
-6.456096817626804513e-03
-6.127246463518960448e-03
-5.807094209188450040e-03
-5.495631752169150702e-03
-5.192850783805305973e-03
-4.898742989558680858e-03
-4.613300049306206553e-03
-4.336513637771747913e-03
-4.068375424689695680e-03
-3.808877075131555500e-03
-3.558010249851702601e-03
-3.315766605566177437e-03
-3.082137795078646568e-03
-2.857115467855921454e-03
-2.640691269905630963e-03
-2.432856844246886977e-03
-2.233603831084732087e-03
-2.042923868032620483e-03
-1.860808590325576219e-03
-1.687249631052660905e-03
-1.522238621294297886e-03
-1.365767190279040507e-03
-1.217826965731238446e-03
-1.078409573780543269e-03
-9.475066394911287569e-04
-8.251097865243679644e-04
-7.112106376782031990e-04
-6.058008148744160794e-04
-5.088719392226393736e-04
-4.204156311894538859e-04
-3.404235107868026824e-04
-2.688871975231985241e-04
-2.057983104886233479e-04
-1.511484686012834109e-04
-1.049292904749332076e-04
-6.713239456222067146e-05
-3.774939928890915408e-05
-1.677192295147304611e-05
-4.191583776653298131e-06
-4.880017777491762291e-16
0.000000000000000000e+00
0.000000000000000000e+00
0.000000000000000000e+00
0.000000000000000000e+00
0.000000000000000000e+00
0.000000000000000000e+00
0.000000000000000000e+00
0.000000000000000000e+00
0.000000000000000000e+00
0.000000000000000000e+00
0.000000000000000000e+00
0.000000000000000000e+00
0.000000000000000000e+00
0.000000000000000000e+00
0.000000000000000000e+00
0.000000000000000000e+00
0.000000000000000000e+00
0.000000000000000000e+00
0.000000000000000000e+00
0.000000000000000000e+00
0.000000000000000000e+00
0.000000000000000000e+00
0.000000000000000000e+00
0.000000000000000000e+00
0.000000000000000000e+00
0.000000000000000000e+00
0.000000000000000000e+00
0.000000000000000000e+00
0.000000000000000000e+00
0.000000000000000000e+00
0.000000000000000000e+00
0.000000000000000000e+00
0.000000000000000000e+00
0.000000000000000000e+00
0.000000000000000000e+00
0.000000000000000000e+00
0.000000000000000000e+00
0.000000000000000000e+00
0.000000000000000000e+00
0.000000000000000000e+00
0.000000000000000000e+00
0.000000000000000000e+00
0.000000000000000000e+00
0.000000000000000000e+00
0.000000000000000000e+00
0.000000000000000000e+00
0.000000000000000000e+00
0.000000000000000000e+00
0.000000000000000000e+00
0.000000000000000000e+00
0.000000000000000000e+00
0.000000000000000000e+00
0.000000000000000000e+00
0.000000000000000000e+00
0.000000000000000000e+00
0.000000000000000000e+00
0.000000000000000000e+00
0.000000000000000000e+00
0.000000000000000000e+00
0.000000000000000000e+00
0.000000000000000000e+00
0.000000000000000000e+00
0.000000000000000000e+00
0.000000000000000000e+00
0.000000000000000000e+00
0.000000000000000000e+00
0.000000000000000000e+00
0.000000000000000000e+00
0.000000000000000000e+00
0.000000000000000000e+00
0.000000000000000000e+00
0.000000000000000000e+00
0.000000000000000000e+00
0.000000000000000000e+00
0.000000000000000000e+00
0.000000000000000000e+00
0.000000000000000000e+00
0.000000000000000000e+00
0.000000000000000000e+00
0.000000000000000000e+00
0.000000000000000000e+00
0.000000000000000000e+00
0.000000000000000000e+00
0.000000000000000000e+00
0.000000000000000000e+00
0.000000000000000000e+00
0.000000000000000000e+00
0.000000000000000000e+00
0.000000000000000000e+00
0.000000000000000000e+00
0.000000000000000000e+00
0.000000000000000000e+00
0.000000000000000000e+00
0.000000000000000000e+00
0.000000000000000000e+00
0.000000000000000000e+00
0.000000000000000000e+00
0.000000000000000000e+00
0.000000000000000000e+00
0.000000000000000000e+00
0.000000000000000000e+00
0.000000000000000000e+00
0.000000000000000000e+00
0.000000000000000000e+00
0.000000000000000000e+00
0.000000000000000000e+00
0.000000000000000000e+00
0.000000000000000000e+00
0.000000000000000000e+00
0.000000000000000000e+00
0.000000000000000000e+00
0.000000000000000000e+00
0.000000000000000000e+00
0.000000000000000000e+00
0.000000000000000000e+00
0.000000000000000000e+00
0.000000000000000000e+00
0.000000000000000000e+00
0.000000000000000000e+00
0.000000000000000000e+00
0.000000000000000000e+00
0.000000000000000000e+00
0.000000000000000000e+00
0.000000000000000000e+00
0.000000000000000000e+00
0.000000000000000000e+00
0.000000000000000000e+00
0.000000000000000000e+00
0.000000000000000000e+00
0.000000000000000000e+00
0.000000000000000000e+00
0.000000000000000000e+00
0.000000000000000000e+00
0.000000000000000000e+00
0.000000000000000000e+00
0.000000000000000000e+00
0.000000000000000000e+00
0.000000000000000000e+00
0.000000000000000000e+00
0.000000000000000000e+00
0.000000000000000000e+00
0.000000000000000000e+00
0.000000000000000000e+00
0.000000000000000000e+00
0.000000000000000000e+00
0.000000000000000000e+00
0.000000000000000000e+00
0.000000000000000000e+00
0.000000000000000000e+00
0.000000000000000000e+00
0.000000000000000000e+00
0.000000000000000000e+00
0.000000000000000000e+00
0.000000000000000000e+00
0.000000000000000000e+00
0.000000000000000000e+00
0.000000000000000000e+00
0.000000000000000000e+00
0.000000000000000000e+00
0.000000000000000000e+00
0.000000000000000000e+00
0.000000000000000000e+00
0.000000000000000000e+00
0.000000000000000000e+00
0.000000000000000000e+00
0.000000000000000000e+00
0.000000000000000000e+00
0.000000000000000000e+00
0.000000000000000000e+00
0.000000000000000000e+00
0.000000000000000000e+00
0.000000000000000000e+00
0.000000000000000000e+00
0.000000000000000000e+00
0.000000000000000000e+00
0.000000000000000000e+00
0.000000000000000000e+00
0.000000000000000000e+00
0.000000000000000000e+00
0.000000000000000000e+00
0.000000000000000000e+00
0.000000000000000000e+00
0.000000000000000000e+00
0.000000000000000000e+00
0.000000000000000000e+00
0.000000000000000000e+00
0.000000000000000000e+00
0.000000000000000000e+00
0.000000000000000000e+00
0.000000000000000000e+00
0.000000000000000000e+00
0.000000000000000000e+00
0.000000000000000000e+00
0.000000000000000000e+00
0.000000000000000000e+00
0.000000000000000000e+00
0.000000000000000000e+00
0.000000000000000000e+00
0.000000000000000000e+00
0.000000000000000000e+00
0.000000000000000000e+00
0.000000000000000000e+00
0.000000000000000000e+00
0.000000000000000000e+00
0.000000000000000000e+00
0.000000000000000000e+00
0.000000000000000000e+00
0.000000000000000000e+00
0.000000000000000000e+00
0.000000000000000000e+00
0.000000000000000000e+00
0.000000000000000000e+00
0.000000000000000000e+00
0.000000000000000000e+00
0.000000000000000000e+00
0.000000000000000000e+00
0.000000000000000000e+00
0.000000000000000000e+00
0.000000000000000000e+00
0.000000000000000000e+00
0.000000000000000000e+00
0.000000000000000000e+00
0.000000000000000000e+00
0.000000000000000000e+00
0.000000000000000000e+00
0.000000000000000000e+00
0.000000000000000000e+00
0.000000000000000000e+00
0.000000000000000000e+00
0.000000000000000000e+00
0.000000000000000000e+00
0.000000000000000000e+00
0.000000000000000000e+00
0.000000000000000000e+00
0.000000000000000000e+00
0.000000000000000000e+00
0.000000000000000000e+00
0.000000000000000000e+00
0.000000000000000000e+00
0.000000000000000000e+00
0.000000000000000000e+00
0.000000000000000000e+00
0.000000000000000000e+00
0.000000000000000000e+00
0.000000000000000000e+00
0.000000000000000000e+00
0.000000000000000000e+00
0.000000000000000000e+00
0.000000000000000000e+00
0.000000000000000000e+00
0.000000000000000000e+00
0.000000000000000000e+00
0.000000000000000000e+00
0.000000000000000000e+00
0.000000000000000000e+00
0.000000000000000000e+00
0.000000000000000000e+00
0.000000000000000000e+00
0.000000000000000000e+00
0.000000000000000000e+00
0.000000000000000000e+00
0.000000000000000000e+00
0.000000000000000000e+00
0.000000000000000000e+00
0.000000000000000000e+00
0.000000000000000000e+00
0.000000000000000000e+00
0.000000000000000000e+00
0.000000000000000000e+00
0.000000000000000000e+00
0.000000000000000000e+00
0.000000000000000000e+00
0.000000000000000000e+00
0.000000000000000000e+00
0.000000000000000000e+00
0.000000000000000000e+00
0.000000000000000000e+00
0.000000000000000000e+00
0.000000000000000000e+00
0.000000000000000000e+00
0.000000000000000000e+00
0.000000000000000000e+00
0.000000000000000000e+00
0.000000000000000000e+00
0.000000000000000000e+00
0.000000000000000000e+00
0.000000000000000000e+00
0.000000000000000000e+00
0.000000000000000000e+00
0.000000000000000000e+00
0.000000000000000000e+00
0.000000000000000000e+00
0.000000000000000000e+00
0.000000000000000000e+00
0.000000000000000000e+00
0.000000000000000000e+00
0.000000000000000000e+00
0.000000000000000000e+00
0.000000000000000000e+00
0.000000000000000000e+00
0.000000000000000000e+00
0.000000000000000000e+00
0.000000000000000000e+00
0.000000000000000000e+00
0.000000000000000000e+00
0.000000000000000000e+00
0.000000000000000000e+00
0.000000000000000000e+00
0.000000000000000000e+00
0.000000000000000000e+00
0.000000000000000000e+00
0.000000000000000000e+00
0.000000000000000000e+00
0.000000000000000000e+00
0.000000000000000000e+00
0.000000000000000000e+00
0.000000000000000000e+00
0.000000000000000000e+00
0.000000000000000000e+00
0.000000000000000000e+00
0.000000000000000000e+00
0.000000000000000000e+00
0.000000000000000000e+00
0.000000000000000000e+00
0.000000000000000000e+00
0.000000000000000000e+00
0.000000000000000000e+00
0.000000000000000000e+00
0.000000000000000000e+00
0.000000000000000000e+00
0.000000000000000000e+00
0.000000000000000000e+00
0.000000000000000000e+00
0.000000000000000000e+00
0.000000000000000000e+00
0.000000000000000000e+00
0.000000000000000000e+00
0.000000000000000000e+00
0.000000000000000000e+00
0.000000000000000000e+00
0.000000000000000000e+00
0.000000000000000000e+00
0.000000000000000000e+00
0.000000000000000000e+00
0.000000000000000000e+00
0.000000000000000000e+00
0.000000000000000000e+00
0.000000000000000000e+00
0.000000000000000000e+00
0.000000000000000000e+00
0.000000000000000000e+00
0.000000000000000000e+00
0.000000000000000000e+00
0.000000000000000000e+00
0.000000000000000000e+00
0.000000000000000000e+00
0.000000000000000000e+00
0.000000000000000000e+00
0.000000000000000000e+00
0.000000000000000000e+00
0.000000000000000000e+00
0.000000000000000000e+00
0.000000000000000000e+00
0.000000000000000000e+00
0.000000000000000000e+00
0.000000000000000000e+00
0.000000000000000000e+00
0.000000000000000000e+00
0.000000000000000000e+00
0.000000000000000000e+00
0.000000000000000000e+00
0.000000000000000000e+00
0.000000000000000000e+00
0.000000000000000000e+00
0.000000000000000000e+00
0.000000000000000000e+00
0.000000000000000000e+00
0.000000000000000000e+00
0.000000000000000000e+00
0.000000000000000000e+00
0.000000000000000000e+00
0.000000000000000000e+00
0.000000000000000000e+00
0.000000000000000000e+00
0.000000000000000000e+00
0.000000000000000000e+00
0.000000000000000000e+00
0.000000000000000000e+00
0.000000000000000000e+00
0.000000000000000000e+00
0.000000000000000000e+00
0.000000000000000000e+00
0.000000000000000000e+00
0.000000000000000000e+00
0.000000000000000000e+00
0.000000000000000000e+00
0.000000000000000000e+00
0.000000000000000000e+00
0.000000000000000000e+00
0.000000000000000000e+00
0.000000000000000000e+00
0.000000000000000000e+00
0.000000000000000000e+00
0.000000000000000000e+00
0.000000000000000000e+00
0.000000000000000000e+00
0.000000000000000000e+00
0.000000000000000000e+00
0.000000000000000000e+00
0.000000000000000000e+00
0.000000000000000000e+00
0.000000000000000000e+00
0.000000000000000000e+00
0.000000000000000000e+00
0.000000000000000000e+00
0.000000000000000000e+00
0.000000000000000000e+00
0.000000000000000000e+00
0.000000000000000000e+00
0.000000000000000000e+00
0.000000000000000000e+00
0.000000000000000000e+00
0.000000000000000000e+00
0.000000000000000000e+00
0.000000000000000000e+00
0.000000000000000000e+00
0.000000000000000000e+00
0.000000000000000000e+00
0.000000000000000000e+00
0.000000000000000000e+00
0.000000000000000000e+00
0.000000000000000000e+00
0.000000000000000000e+00
0.000000000000000000e+00
0.000000000000000000e+00
0.000000000000000000e+00
0.000000000000000000e+00
0.000000000000000000e+00
0.000000000000000000e+00
0.000000000000000000e+00
0.000000000000000000e+00
0.000000000000000000e+00
0.000000000000000000e+00
0.000000000000000000e+00
0.000000000000000000e+00
0.000000000000000000e+00
0.000000000000000000e+00
0.000000000000000000e+00
0.000000000000000000e+00
0.000000000000000000e+00
0.000000000000000000e+00
0.000000000000000000e+00
0.000000000000000000e+00
0.000000000000000000e+00
0.000000000000000000e+00
0.000000000000000000e+00
0.000000000000000000e+00
0.000000000000000000e+00
0.000000000000000000e+00
0.000000000000000000e+00
0.000000000000000000e+00
0.000000000000000000e+00
0.000000000000000000e+00
0.000000000000000000e+00
0.000000000000000000e+00
0.000000000000000000e+00
0.000000000000000000e+00
0.000000000000000000e+00
0.000000000000000000e+00
0.000000000000000000e+00
0.000000000000000000e+00
0.000000000000000000e+00
0.000000000000000000e+00
0.000000000000000000e+00
0.000000000000000000e+00
0.000000000000000000e+00
0.000000000000000000e+00
0.000000000000000000e+00
0.000000000000000000e+00
0.000000000000000000e+00
0.000000000000000000e+00
0.000000000000000000e+00
0.000000000000000000e+00
0.000000000000000000e+00
0.000000000000000000e+00
0.000000000000000000e+00
0.000000000000000000e+00
0.000000000000000000e+00
0.000000000000000000e+00
0.000000000000000000e+00
0.000000000000000000e+00
0.000000000000000000e+00
0.000000000000000000e+00
0.000000000000000000e+00
0.000000000000000000e+00
0.000000000000000000e+00
0.000000000000000000e+00
0.000000000000000000e+00
0.000000000000000000e+00
0.000000000000000000e+00
0.000000000000000000e+00
0.000000000000000000e+00
0.000000000000000000e+00
0.000000000000000000e+00
0.000000000000000000e+00
0.000000000000000000e+00
0.000000000000000000e+00
0.000000000000000000e+00
0.000000000000000000e+00
0.000000000000000000e+00
0.000000000000000000e+00
0.000000000000000000e+00
0.000000000000000000e+00
0.000000000000000000e+00
0.000000000000000000e+00
0.000000000000000000e+00
0.000000000000000000e+00
0.000000000000000000e+00
0.000000000000000000e+00
0.000000000000000000e+00
0.000000000000000000e+00
0.000000000000000000e+00
0.000000000000000000e+00
0.000000000000000000e+00
0.000000000000000000e+00
0.000000000000000000e+00
0.000000000000000000e+00
0.000000000000000000e+00
0.000000000000000000e+00
0.000000000000000000e+00
0.000000000000000000e+00
0.000000000000000000e+00
0.000000000000000000e+00
0.000000000000000000e+00
0.000000000000000000e+00
0.000000000000000000e+00
0.000000000000000000e+00
0.000000000000000000e+00
0.000000000000000000e+00
0.000000000000000000e+00
0.000000000000000000e+00
0.000000000000000000e+00
0.000000000000000000e+00
0.000000000000000000e+00
0.000000000000000000e+00
0.000000000000000000e+00
0.000000000000000000e+00
0.000000000000000000e+00
0.000000000000000000e+00
0.000000000000000000e+00
0.000000000000000000e+00
0.000000000000000000e+00
0.000000000000000000e+00
0.000000000000000000e+00
0.000000000000000000e+00
0.000000000000000000e+00
0.000000000000000000e+00
0.000000000000000000e+00
0.000000000000000000e+00
0.000000000000000000e+00
0.000000000000000000e+00
0.000000000000000000e+00
0.000000000000000000e+00
0.000000000000000000e+00
0.000000000000000000e+00
0.000000000000000000e+00
0.000000000000000000e+00
0.000000000000000000e+00
0.000000000000000000e+00
0.000000000000000000e+00
0.000000000000000000e+00
0.000000000000000000e+00
0.000000000000000000e+00
0.000000000000000000e+00
0.000000000000000000e+00
0.000000000000000000e+00
0.000000000000000000e+00
0.000000000000000000e+00
0.000000000000000000e+00
0.000000000000000000e+00
0.000000000000000000e+00
0.000000000000000000e+00
0.000000000000000000e+00
0.000000000000000000e+00
0.000000000000000000e+00
0.000000000000000000e+00
0.000000000000000000e+00
0.000000000000000000e+00
0.000000000000000000e+00
0.000000000000000000e+00
0.000000000000000000e+00
0.000000000000000000e+00
0.000000000000000000e+00
0.000000000000000000e+00
0.000000000000000000e+00
0.000000000000000000e+00
0.000000000000000000e+00
0.000000000000000000e+00
0.000000000000000000e+00
0.000000000000000000e+00
0.000000000000000000e+00
0.000000000000000000e+00
0.000000000000000000e+00
0.000000000000000000e+00
0.000000000000000000e+00
0.000000000000000000e+00
0.000000000000000000e+00
0.000000000000000000e+00
0.000000000000000000e+00
0.000000000000000000e+00
0.000000000000000000e+00
0.000000000000000000e+00
0.000000000000000000e+00
0.000000000000000000e+00
0.000000000000000000e+00
0.000000000000000000e+00
0.000000000000000000e+00
0.000000000000000000e+00
0.000000000000000000e+00
0.000000000000000000e+00
0.000000000000000000e+00
0.000000000000000000e+00
0.000000000000000000e+00
0.000000000000000000e+00
0.000000000000000000e+00
0.000000000000000000e+00
0.000000000000000000e+00
0.000000000000000000e+00
0.000000000000000000e+00
0.000000000000000000e+00
0.000000000000000000e+00
0.000000000000000000e+00
0.000000000000000000e+00
0.000000000000000000e+00
0.000000000000000000e+00
0.000000000000000000e+00
0.000000000000000000e+00
0.000000000000000000e+00
0.000000000000000000e+00
0.000000000000000000e+00
0.000000000000000000e+00
0.000000000000000000e+00
0.000000000000000000e+00
0.000000000000000000e+00
0.000000000000000000e+00
0.000000000000000000e+00
0.000000000000000000e+00
0.000000000000000000e+00
0.000000000000000000e+00
0.000000000000000000e+00
0.000000000000000000e+00
0.000000000000000000e+00
0.000000000000000000e+00
0.000000000000000000e+00
0.000000000000000000e+00
0.000000000000000000e+00
0.000000000000000000e+00
0.000000000000000000e+00
0.000000000000000000e+00
0.000000000000000000e+00
0.000000000000000000e+00
0.000000000000000000e+00
0.000000000000000000e+00
0.000000000000000000e+00
0.000000000000000000e+00
0.000000000000000000e+00
0.000000000000000000e+00
0.000000000000000000e+00
0.000000000000000000e+00
0.000000000000000000e+00
0.000000000000000000e+00
0.000000000000000000e+00
0.000000000000000000e+00
0.000000000000000000e+00
0.000000000000000000e+00
0.000000000000000000e+00
0.000000000000000000e+00
0.000000000000000000e+00
0.000000000000000000e+00
0.000000000000000000e+00
0.000000000000000000e+00
0.000000000000000000e+00
0.000000000000000000e+00
0.000000000000000000e+00
0.000000000000000000e+00
0.000000000000000000e+00
0.000000000000000000e+00
0.000000000000000000e+00
0.000000000000000000e+00
0.000000000000000000e+00
0.000000000000000000e+00
0.000000000000000000e+00
0.000000000000000000e+00
0.000000000000000000e+00
0.000000000000000000e+00
0.000000000000000000e+00
0.000000000000000000e+00
0.000000000000000000e+00
0.000000000000000000e+00
0.000000000000000000e+00
0.000000000000000000e+00
0.000000000000000000e+00
0.000000000000000000e+00
0.000000000000000000e+00
0.000000000000000000e+00
0.000000000000000000e+00
0.000000000000000000e+00
0.000000000000000000e+00
0.000000000000000000e+00
0.000000000000000000e+00
0.000000000000000000e+00
0.000000000000000000e+00
0.000000000000000000e+00
0.000000000000000000e+00
0.000000000000000000e+00
0.000000000000000000e+00
0.000000000000000000e+00
0.000000000000000000e+00
0.000000000000000000e+00
0.000000000000000000e+00
0.000000000000000000e+00
0.000000000000000000e+00
0.000000000000000000e+00
0.000000000000000000e+00
0.000000000000000000e+00
0.000000000000000000e+00
0.000000000000000000e+00
0.000000000000000000e+00
0.000000000000000000e+00
0.000000000000000000e+00
0.000000000000000000e+00
0.000000000000000000e+00
0.000000000000000000e+00
0.000000000000000000e+00
0.000000000000000000e+00
0.000000000000000000e+00
0.000000000000000000e+00
0.000000000000000000e+00
0.000000000000000000e+00
0.000000000000000000e+00
0.000000000000000000e+00
0.000000000000000000e+00
0.000000000000000000e+00
0.000000000000000000e+00
0.000000000000000000e+00
0.000000000000000000e+00
0.000000000000000000e+00
0.000000000000000000e+00
0.000000000000000000e+00
0.000000000000000000e+00
0.000000000000000000e+00
0.000000000000000000e+00
0.000000000000000000e+00
0.000000000000000000e+00
0.000000000000000000e+00
0.000000000000000000e+00
0.000000000000000000e+00
0.000000000000000000e+00
0.000000000000000000e+00
0.000000000000000000e+00
0.000000000000000000e+00
0.000000000000000000e+00
0.000000000000000000e+00
0.000000000000000000e+00
0.000000000000000000e+00
0.000000000000000000e+00
0.000000000000000000e+00
0.000000000000000000e+00
0.000000000000000000e+00
0.000000000000000000e+00
0.000000000000000000e+00
0.000000000000000000e+00
0.000000000000000000e+00
0.000000000000000000e+00
0.000000000000000000e+00
0.000000000000000000e+00
0.000000000000000000e+00
0.000000000000000000e+00
0.000000000000000000e+00
0.000000000000000000e+00
0.000000000000000000e+00
0.000000000000000000e+00
0.000000000000000000e+00
0.000000000000000000e+00
0.000000000000000000e+00
0.000000000000000000e+00
0.000000000000000000e+00
0.000000000000000000e+00
0.000000000000000000e+00
0.000000000000000000e+00
0.000000000000000000e+00
0.000000000000000000e+00
0.000000000000000000e+00
0.000000000000000000e+00
0.000000000000000000e+00
0.000000000000000000e+00
0.000000000000000000e+00
0.000000000000000000e+00
0.000000000000000000e+00
0.000000000000000000e+00
0.000000000000000000e+00
0.000000000000000000e+00
0.000000000000000000e+00
0.000000000000000000e+00
0.000000000000000000e+00
0.000000000000000000e+00
0.000000000000000000e+00
0.000000000000000000e+00
0.000000000000000000e+00
0.000000000000000000e+00
0.000000000000000000e+00
0.000000000000000000e+00
0.000000000000000000e+00
0.000000000000000000e+00
0.000000000000000000e+00
0.000000000000000000e+00
0.000000000000000000e+00
0.000000000000000000e+00
0.000000000000000000e+00
0.000000000000000000e+00
0.000000000000000000e+00
0.000000000000000000e+00
0.000000000000000000e+00
0.000000000000000000e+00
0.000000000000000000e+00
0.000000000000000000e+00
0.000000000000000000e+00
0.000000000000000000e+00
0.000000000000000000e+00
0.000000000000000000e+00
0.000000000000000000e+00
0.000000000000000000e+00
0.000000000000000000e+00
0.000000000000000000e+00
0.000000000000000000e+00
0.000000000000000000e+00
0.000000000000000000e+00
0.000000000000000000e+00
0.000000000000000000e+00
0.000000000000000000e+00
0.000000000000000000e+00
0.000000000000000000e+00
0.000000000000000000e+00
0.000000000000000000e+00
0.000000000000000000e+00
0.000000000000000000e+00
0.000000000000000000e+00
0.000000000000000000e+00
0.000000000000000000e+00
0.000000000000000000e+00
0.000000000000000000e+00
0.000000000000000000e+00
0.000000000000000000e+00
0.000000000000000000e+00
0.000000000000000000e+00
0.000000000000000000e+00
0.000000000000000000e+00
0.000000000000000000e+00
0.000000000000000000e+00
0.000000000000000000e+00
0.000000000000000000e+00
0.000000000000000000e+00
0.000000000000000000e+00
0.000000000000000000e+00
0.000000000000000000e+00
0.000000000000000000e+00
0.000000000000000000e+00
0.000000000000000000e+00
0.000000000000000000e+00
0.000000000000000000e+00
0.000000000000000000e+00
0.000000000000000000e+00
0.000000000000000000e+00
0.000000000000000000e+00
0.000000000000000000e+00
0.000000000000000000e+00
0.000000000000000000e+00
0.000000000000000000e+00
0.000000000000000000e+00
0.000000000000000000e+00
0.000000000000000000e+00
0.000000000000000000e+00
0.000000000000000000e+00
0.000000000000000000e+00
0.000000000000000000e+00
0.000000000000000000e+00
0.000000000000000000e+00
0.000000000000000000e+00
0.000000000000000000e+00
0.000000000000000000e+00
0.000000000000000000e+00
0.000000000000000000e+00
0.000000000000000000e+00
0.000000000000000000e+00
0.000000000000000000e+00
0.000000000000000000e+00
0.000000000000000000e+00
0.000000000000000000e+00
0.000000000000000000e+00
0.000000000000000000e+00
0.000000000000000000e+00
0.000000000000000000e+00
0.000000000000000000e+00
0.000000000000000000e+00
0.000000000000000000e+00
0.000000000000000000e+00
0.000000000000000000e+00
0.000000000000000000e+00
0.000000000000000000e+00
0.000000000000000000e+00
0.000000000000000000e+00
0.000000000000000000e+00
0.000000000000000000e+00
0.000000000000000000e+00
0.000000000000000000e+00
0.000000000000000000e+00
0.000000000000000000e+00
0.000000000000000000e+00
0.000000000000000000e+00
0.000000000000000000e+00
0.000000000000000000e+00
0.000000000000000000e+00
0.000000000000000000e+00
0.000000000000000000e+00
0.000000000000000000e+00
0.000000000000000000e+00
0.000000000000000000e+00
0.000000000000000000e+00
0.000000000000000000e+00
0.000000000000000000e+00
0.000000000000000000e+00
0.000000000000000000e+00
0.000000000000000000e+00
0.000000000000000000e+00
0.000000000000000000e+00
0.000000000000000000e+00
0.000000000000000000e+00
0.000000000000000000e+00
0.000000000000000000e+00
0.000000000000000000e+00
0.000000000000000000e+00
0.000000000000000000e+00
0.000000000000000000e+00
0.000000000000000000e+00
0.000000000000000000e+00
0.000000000000000000e+00
0.000000000000000000e+00
0.000000000000000000e+00
0.000000000000000000e+00
0.000000000000000000e+00
0.000000000000000000e+00
0.000000000000000000e+00
0.000000000000000000e+00
0.000000000000000000e+00
0.000000000000000000e+00
0.000000000000000000e+00
0.000000000000000000e+00
0.000000000000000000e+00
0.000000000000000000e+00
0.000000000000000000e+00
0.000000000000000000e+00
0.000000000000000000e+00
0.000000000000000000e+00
0.000000000000000000e+00
0.000000000000000000e+00
0.000000000000000000e+00
0.000000000000000000e+00
0.000000000000000000e+00
0.000000000000000000e+00
0.000000000000000000e+00
0.000000000000000000e+00
0.000000000000000000e+00
0.000000000000000000e+00
0.000000000000000000e+00
0.000000000000000000e+00
0.000000000000000000e+00
0.000000000000000000e+00
0.000000000000000000e+00
0.000000000000000000e+00
0.000000000000000000e+00
0.000000000000000000e+00
0.000000000000000000e+00
0.000000000000000000e+00
0.000000000000000000e+00
0.000000000000000000e+00
0.000000000000000000e+00
0.000000000000000000e+00
0.000000000000000000e+00
0.000000000000000000e+00
0.000000000000000000e+00
0.000000000000000000e+00
0.000000000000000000e+00
0.000000000000000000e+00
0.000000000000000000e+00
0.000000000000000000e+00
0.000000000000000000e+00
0.000000000000000000e+00
0.000000000000000000e+00
0.000000000000000000e+00
0.000000000000000000e+00
0.000000000000000000e+00
0.000000000000000000e+00
0.000000000000000000e+00
0.000000000000000000e+00
0.000000000000000000e+00
0.000000000000000000e+00
0.000000000000000000e+00
0.000000000000000000e+00
0.000000000000000000e+00
0.000000000000000000e+00
0.000000000000000000e+00
0.000000000000000000e+00
0.000000000000000000e+00
0.000000000000000000e+00
0.000000000000000000e+00
0.000000000000000000e+00
0.000000000000000000e+00
0.000000000000000000e+00
0.000000000000000000e+00
0.000000000000000000e+00
0.000000000000000000e+00
0.000000000000000000e+00
0.000000000000000000e+00
0.000000000000000000e+00
0.000000000000000000e+00
0.000000000000000000e+00
0.000000000000000000e+00
0.000000000000000000e+00
0.000000000000000000e+00
0.000000000000000000e+00
0.000000000000000000e+00
0.000000000000000000e+00
0.000000000000000000e+00
0.000000000000000000e+00
0.000000000000000000e+00
0.000000000000000000e+00
0.000000000000000000e+00
0.000000000000000000e+00
0.000000000000000000e+00
0.000000000000000000e+00
0.000000000000000000e+00
0.000000000000000000e+00
0.000000000000000000e+00
0.000000000000000000e+00
0.000000000000000000e+00
0.000000000000000000e+00
0.000000000000000000e+00
0.000000000000000000e+00
0.000000000000000000e+00
0.000000000000000000e+00
0.000000000000000000e+00
0.000000000000000000e+00
0.000000000000000000e+00
0.000000000000000000e+00
0.000000000000000000e+00
0.000000000000000000e+00
0.000000000000000000e+00
0.000000000000000000e+00
0.000000000000000000e+00
0.000000000000000000e+00
0.000000000000000000e+00
0.000000000000000000e+00
0.000000000000000000e+00
0.000000000000000000e+00
0.000000000000000000e+00
0.000000000000000000e+00
0.000000000000000000e+00
0.000000000000000000e+00
0.000000000000000000e+00
0.000000000000000000e+00
0.000000000000000000e+00
0.000000000000000000e+00
0.000000000000000000e+00
0.000000000000000000e+00
0.000000000000000000e+00
0.000000000000000000e+00
0.000000000000000000e+00
0.000000000000000000e+00
0.000000000000000000e+00
0.000000000000000000e+00
0.000000000000000000e+00
0.000000000000000000e+00
0.000000000000000000e+00
0.000000000000000000e+00
0.000000000000000000e+00
0.000000000000000000e+00
0.000000000000000000e+00
0.000000000000000000e+00
0.000000000000000000e+00
0.000000000000000000e+00
0.000000000000000000e+00
0.000000000000000000e+00
0.000000000000000000e+00
0.000000000000000000e+00
0.000000000000000000e+00
0.000000000000000000e+00
0.000000000000000000e+00
0.000000000000000000e+00
0.000000000000000000e+00
0.000000000000000000e+00
0.000000000000000000e+00
0.000000000000000000e+00
0.000000000000000000e+00
0.000000000000000000e+00
0.000000000000000000e+00
0.000000000000000000e+00
0.000000000000000000e+00
0.000000000000000000e+00
0.000000000000000000e+00
0.000000000000000000e+00
0.000000000000000000e+00
0.000000000000000000e+00
0.000000000000000000e+00
0.000000000000000000e+00
0.000000000000000000e+00
0.000000000000000000e+00
0.000000000000000000e+00
0.000000000000000000e+00
0.000000000000000000e+00
0.000000000000000000e+00
0.000000000000000000e+00
0.000000000000000000e+00
0.000000000000000000e+00
0.000000000000000000e+00
0.000000000000000000e+00
0.000000000000000000e+00
0.000000000000000000e+00
0.000000000000000000e+00
0.000000000000000000e+00
0.000000000000000000e+00
0.000000000000000000e+00
0.000000000000000000e+00
0.000000000000000000e+00
0.000000000000000000e+00
0.000000000000000000e+00
0.000000000000000000e+00
0.000000000000000000e+00
0.000000000000000000e+00
0.000000000000000000e+00
0.000000000000000000e+00
0.000000000000000000e+00
0.000000000000000000e+00
0.000000000000000000e+00
0.000000000000000000e+00
0.000000000000000000e+00
0.000000000000000000e+00
0.000000000000000000e+00
0.000000000000000000e+00
0.000000000000000000e+00
0.000000000000000000e+00
0.000000000000000000e+00
0.000000000000000000e+00
0.000000000000000000e+00
0.000000000000000000e+00
0.000000000000000000e+00
0.000000000000000000e+00
0.000000000000000000e+00
0.000000000000000000e+00
0.000000000000000000e+00
0.000000000000000000e+00
0.000000000000000000e+00
0.000000000000000000e+00
0.000000000000000000e+00
0.000000000000000000e+00
0.000000000000000000e+00
0.000000000000000000e+00
0.000000000000000000e+00
0.000000000000000000e+00
0.000000000000000000e+00
0.000000000000000000e+00
0.000000000000000000e+00
0.000000000000000000e+00
0.000000000000000000e+00
0.000000000000000000e+00
0.000000000000000000e+00
0.000000000000000000e+00
0.000000000000000000e+00
0.000000000000000000e+00
0.000000000000000000e+00
0.000000000000000000e+00
0.000000000000000000e+00
0.000000000000000000e+00
0.000000000000000000e+00
0.000000000000000000e+00
0.000000000000000000e+00
0.000000000000000000e+00
0.000000000000000000e+00
0.000000000000000000e+00
0.000000000000000000e+00
0.000000000000000000e+00
0.000000000000000000e+00
0.000000000000000000e+00
0.000000000000000000e+00
0.000000000000000000e+00
0.000000000000000000e+00
0.000000000000000000e+00
0.000000000000000000e+00
0.000000000000000000e+00
0.000000000000000000e+00
0.000000000000000000e+00
0.000000000000000000e+00
0.000000000000000000e+00
0.000000000000000000e+00
0.000000000000000000e+00
0.000000000000000000e+00
0.000000000000000000e+00
0.000000000000000000e+00
0.000000000000000000e+00
0.000000000000000000e+00
0.000000000000000000e+00
0.000000000000000000e+00
0.000000000000000000e+00
0.000000000000000000e+00
0.000000000000000000e+00
0.000000000000000000e+00
0.000000000000000000e+00
0.000000000000000000e+00
0.000000000000000000e+00
0.000000000000000000e+00
0.000000000000000000e+00
0.000000000000000000e+00
0.000000000000000000e+00
0.000000000000000000e+00
0.000000000000000000e+00
0.000000000000000000e+00
0.000000000000000000e+00
0.000000000000000000e+00
0.000000000000000000e+00
0.000000000000000000e+00
0.000000000000000000e+00
0.000000000000000000e+00
0.000000000000000000e+00
0.000000000000000000e+00
0.000000000000000000e+00
0.000000000000000000e+00
0.000000000000000000e+00
0.000000000000000000e+00
0.000000000000000000e+00
0.000000000000000000e+00
0.000000000000000000e+00
0.000000000000000000e+00
0.000000000000000000e+00
0.000000000000000000e+00
0.000000000000000000e+00
0.000000000000000000e+00
0.000000000000000000e+00
0.000000000000000000e+00
0.000000000000000000e+00
0.000000000000000000e+00
0.000000000000000000e+00
0.000000000000000000e+00
0.000000000000000000e+00
0.000000000000000000e+00
0.000000000000000000e+00
0.000000000000000000e+00
0.000000000000000000e+00
0.000000000000000000e+00
0.000000000000000000e+00
0.000000000000000000e+00
0.000000000000000000e+00
0.000000000000000000e+00
0.000000000000000000e+00
0.000000000000000000e+00
0.000000000000000000e+00
0.000000000000000000e+00
0.000000000000000000e+00
0.000000000000000000e+00
0.000000000000000000e+00
0.000000000000000000e+00
0.000000000000000000e+00
0.000000000000000000e+00
0.000000000000000000e+00
0.000000000000000000e+00
0.000000000000000000e+00
0.000000000000000000e+00
0.000000000000000000e+00
0.000000000000000000e+00
0.000000000000000000e+00
0.000000000000000000e+00
0.000000000000000000e+00
0.000000000000000000e+00
0.000000000000000000e+00
0.000000000000000000e+00
0.000000000000000000e+00
0.000000000000000000e+00
0.000000000000000000e+00
0.000000000000000000e+00
0.000000000000000000e+00
0.000000000000000000e+00
0.000000000000000000e+00
0.000000000000000000e+00
0.000000000000000000e+00
0.000000000000000000e+00
0.000000000000000000e+00
0.000000000000000000e+00
0.000000000000000000e+00
0.000000000000000000e+00
0.000000000000000000e+00
0.000000000000000000e+00
0.000000000000000000e+00
0.000000000000000000e+00
0.000000000000000000e+00
0.000000000000000000e+00
0.000000000000000000e+00
0.000000000000000000e+00
0.000000000000000000e+00
0.000000000000000000e+00
0.000000000000000000e+00
0.000000000000000000e+00
0.000000000000000000e+00
0.000000000000000000e+00
0.000000000000000000e+00
0.000000000000000000e+00
0.000000000000000000e+00
0.000000000000000000e+00
0.000000000000000000e+00
0.000000000000000000e+00
0.000000000000000000e+00
0.000000000000000000e+00
0.000000000000000000e+00
0.000000000000000000e+00
0.000000000000000000e+00
0.000000000000000000e+00
0.000000000000000000e+00
0.000000000000000000e+00
0.000000000000000000e+00
0.000000000000000000e+00
0.000000000000000000e+00
0.000000000000000000e+00
0.000000000000000000e+00
0.000000000000000000e+00
0.000000000000000000e+00
0.000000000000000000e+00
0.000000000000000000e+00
0.000000000000000000e+00
0.000000000000000000e+00
0.000000000000000000e+00
0.000000000000000000e+00
0.000000000000000000e+00
0.000000000000000000e+00
0.000000000000000000e+00
0.000000000000000000e+00
0.000000000000000000e+00
0.000000000000000000e+00
0.000000000000000000e+00
0.000000000000000000e+00
0.000000000000000000e+00
0.000000000000000000e+00
0.000000000000000000e+00
0.000000000000000000e+00
0.000000000000000000e+00
0.000000000000000000e+00
0.000000000000000000e+00
0.000000000000000000e+00
0.000000000000000000e+00
0.000000000000000000e+00
0.000000000000000000e+00
0.000000000000000000e+00
0.000000000000000000e+00
0.000000000000000000e+00
0.000000000000000000e+00
0.000000000000000000e+00
0.000000000000000000e+00
0.000000000000000000e+00
0.000000000000000000e+00
0.000000000000000000e+00
0.000000000000000000e+00
0.000000000000000000e+00
0.000000000000000000e+00
0.000000000000000000e+00
0.000000000000000000e+00
0.000000000000000000e+00
0.000000000000000000e+00
0.000000000000000000e+00
0.000000000000000000e+00
0.000000000000000000e+00
0.000000000000000000e+00
0.000000000000000000e+00
0.000000000000000000e+00
0.000000000000000000e+00
0.000000000000000000e+00
0.000000000000000000e+00
0.000000000000000000e+00
0.000000000000000000e+00
0.000000000000000000e+00
0.000000000000000000e+00
0.000000000000000000e+00
0.000000000000000000e+00
0.000000000000000000e+00
0.000000000000000000e+00
0.000000000000000000e+00
0.000000000000000000e+00
0.000000000000000000e+00
0.000000000000000000e+00
0.000000000000000000e+00
0.000000000000000000e+00
0.000000000000000000e+00
0.000000000000000000e+00
0.000000000000000000e+00
0.000000000000000000e+00
0.000000000000000000e+00
0.000000000000000000e+00
0.000000000000000000e+00
0.000000000000000000e+00
0.000000000000000000e+00
0.000000000000000000e+00
0.000000000000000000e+00
0.000000000000000000e+00
0.000000000000000000e+00
0.000000000000000000e+00
0.000000000000000000e+00
0.000000000000000000e+00
0.000000000000000000e+00
0.000000000000000000e+00
0.000000000000000000e+00
0.000000000000000000e+00
0.000000000000000000e+00
0.000000000000000000e+00
0.000000000000000000e+00
0.000000000000000000e+00
0.000000000000000000e+00
0.000000000000000000e+00
0.000000000000000000e+00
0.000000000000000000e+00
0.000000000000000000e+00
0.000000000000000000e+00
0.000000000000000000e+00
0.000000000000000000e+00
0.000000000000000000e+00
0.000000000000000000e+00
0.000000000000000000e+00
0.000000000000000000e+00
0.000000000000000000e+00
0.000000000000000000e+00
0.000000000000000000e+00
0.000000000000000000e+00
0.000000000000000000e+00
0.000000000000000000e+00
0.000000000000000000e+00
0.000000000000000000e+00
0.000000000000000000e+00
0.000000000000000000e+00
0.000000000000000000e+00
0.000000000000000000e+00
0.000000000000000000e+00
0.000000000000000000e+00
0.000000000000000000e+00
0.000000000000000000e+00
0.000000000000000000e+00
0.000000000000000000e+00
0.000000000000000000e+00
0.000000000000000000e+00
0.000000000000000000e+00
0.000000000000000000e+00
0.000000000000000000e+00
0.000000000000000000e+00
0.000000000000000000e+00
0.000000000000000000e+00
0.000000000000000000e+00
0.000000000000000000e+00
0.000000000000000000e+00
0.000000000000000000e+00
0.000000000000000000e+00
0.000000000000000000e+00
0.000000000000000000e+00
0.000000000000000000e+00
0.000000000000000000e+00
0.000000000000000000e+00
0.000000000000000000e+00
0.000000000000000000e+00
0.000000000000000000e+00
0.000000000000000000e+00
0.000000000000000000e+00
0.000000000000000000e+00
0.000000000000000000e+00
0.000000000000000000e+00
0.000000000000000000e+00
0.000000000000000000e+00
0.000000000000000000e+00
0.000000000000000000e+00
0.000000000000000000e+00
0.000000000000000000e+00
0.000000000000000000e+00
0.000000000000000000e+00
0.000000000000000000e+00
0.000000000000000000e+00
0.000000000000000000e+00
0.000000000000000000e+00
0.000000000000000000e+00
0.000000000000000000e+00
0.000000000000000000e+00
0.000000000000000000e+00
0.000000000000000000e+00
0.000000000000000000e+00
0.000000000000000000e+00
0.000000000000000000e+00
0.000000000000000000e+00
0.000000000000000000e+00
0.000000000000000000e+00
0.000000000000000000e+00
0.000000000000000000e+00
0.000000000000000000e+00
0.000000000000000000e+00
0.000000000000000000e+00
0.000000000000000000e+00
0.000000000000000000e+00
0.000000000000000000e+00
0.000000000000000000e+00
0.000000000000000000e+00
0.000000000000000000e+00
0.000000000000000000e+00
0.000000000000000000e+00
0.000000000000000000e+00
0.000000000000000000e+00
0.000000000000000000e+00
0.000000000000000000e+00
0.000000000000000000e+00
0.000000000000000000e+00
0.000000000000000000e+00
0.000000000000000000e+00
0.000000000000000000e+00
0.000000000000000000e+00
0.000000000000000000e+00
0.000000000000000000e+00
0.000000000000000000e+00
0.000000000000000000e+00
0.000000000000000000e+00
0.000000000000000000e+00
0.000000000000000000e+00
0.000000000000000000e+00
0.000000000000000000e+00
0.000000000000000000e+00
0.000000000000000000e+00
0.000000000000000000e+00
0.000000000000000000e+00
0.000000000000000000e+00
0.000000000000000000e+00
0.000000000000000000e+00
0.000000000000000000e+00
0.000000000000000000e+00
0.000000000000000000e+00
0.000000000000000000e+00
0.000000000000000000e+00
0.000000000000000000e+00
0.000000000000000000e+00
0.000000000000000000e+00
0.000000000000000000e+00
0.000000000000000000e+00
0.000000000000000000e+00
0.000000000000000000e+00
0.000000000000000000e+00
0.000000000000000000e+00
0.000000000000000000e+00
0.000000000000000000e+00
0.000000000000000000e+00
0.000000000000000000e+00
0.000000000000000000e+00
0.000000000000000000e+00
0.000000000000000000e+00
0.000000000000000000e+00
0.000000000000000000e+00
0.000000000000000000e+00
0.000000000000000000e+00
0.000000000000000000e+00
0.000000000000000000e+00
0.000000000000000000e+00
0.000000000000000000e+00
0.000000000000000000e+00
0.000000000000000000e+00
0.000000000000000000e+00
0.000000000000000000e+00
0.000000000000000000e+00
0.000000000000000000e+00
0.000000000000000000e+00
0.000000000000000000e+00
0.000000000000000000e+00
0.000000000000000000e+00
0.000000000000000000e+00
0.000000000000000000e+00
0.000000000000000000e+00
0.000000000000000000e+00
0.000000000000000000e+00
0.000000000000000000e+00
0.000000000000000000e+00
0.000000000000000000e+00
0.000000000000000000e+00
0.000000000000000000e+00
0.000000000000000000e+00
0.000000000000000000e+00
0.000000000000000000e+00
0.000000000000000000e+00
0.000000000000000000e+00
0.000000000000000000e+00
0.000000000000000000e+00
0.000000000000000000e+00
0.000000000000000000e+00
0.000000000000000000e+00
0.000000000000000000e+00
0.000000000000000000e+00
0.000000000000000000e+00
0.000000000000000000e+00
0.000000000000000000e+00
0.000000000000000000e+00
0.000000000000000000e+00
0.000000000000000000e+00
0.000000000000000000e+00
0.000000000000000000e+00
0.000000000000000000e+00
0.000000000000000000e+00
0.000000000000000000e+00
0.000000000000000000e+00
0.000000000000000000e+00
0.000000000000000000e+00
0.000000000000000000e+00
0.000000000000000000e+00
0.000000000000000000e+00
0.000000000000000000e+00
0.000000000000000000e+00
0.000000000000000000e+00
0.000000000000000000e+00
0.000000000000000000e+00
0.000000000000000000e+00
0.000000000000000000e+00
0.000000000000000000e+00
0.000000000000000000e+00
0.000000000000000000e+00
0.000000000000000000e+00
0.000000000000000000e+00
0.000000000000000000e+00
0.000000000000000000e+00
0.000000000000000000e+00
0.000000000000000000e+00
0.000000000000000000e+00
0.000000000000000000e+00
0.000000000000000000e+00
0.000000000000000000e+00
0.000000000000000000e+00
0.000000000000000000e+00
0.000000000000000000e+00
0.000000000000000000e+00
0.000000000000000000e+00
0.000000000000000000e+00
0.000000000000000000e+00
0.000000000000000000e+00
0.000000000000000000e+00
0.000000000000000000e+00
0.000000000000000000e+00
0.000000000000000000e+00
0.000000000000000000e+00
0.000000000000000000e+00
0.000000000000000000e+00
0.000000000000000000e+00
0.000000000000000000e+00
0.000000000000000000e+00
0.000000000000000000e+00
0.000000000000000000e+00
0.000000000000000000e+00
0.000000000000000000e+00
0.000000000000000000e+00
0.000000000000000000e+00
0.000000000000000000e+00
0.000000000000000000e+00
0.000000000000000000e+00
0.000000000000000000e+00
0.000000000000000000e+00
0.000000000000000000e+00
0.000000000000000000e+00
0.000000000000000000e+00
0.000000000000000000e+00
0.000000000000000000e+00
0.000000000000000000e+00
0.000000000000000000e+00
0.000000000000000000e+00
0.000000000000000000e+00
0.000000000000000000e+00
0.000000000000000000e+00
0.000000000000000000e+00
0.000000000000000000e+00
0.000000000000000000e+00
0.000000000000000000e+00
0.000000000000000000e+00
0.000000000000000000e+00
0.000000000000000000e+00
0.000000000000000000e+00
0.000000000000000000e+00
0.000000000000000000e+00
0.000000000000000000e+00
0.000000000000000000e+00
0.000000000000000000e+00
0.000000000000000000e+00
0.000000000000000000e+00
0.000000000000000000e+00
0.000000000000000000e+00
0.000000000000000000e+00
0.000000000000000000e+00
0.000000000000000000e+00
0.000000000000000000e+00
0.000000000000000000e+00
0.000000000000000000e+00
0.000000000000000000e+00
0.000000000000000000e+00
0.000000000000000000e+00
0.000000000000000000e+00
0.000000000000000000e+00
0.000000000000000000e+00
0.000000000000000000e+00
0.000000000000000000e+00
0.000000000000000000e+00
0.000000000000000000e+00
0.000000000000000000e+00
0.000000000000000000e+00
0.000000000000000000e+00
0.000000000000000000e+00
0.000000000000000000e+00
0.000000000000000000e+00
0.000000000000000000e+00
0.000000000000000000e+00
0.000000000000000000e+00
0.000000000000000000e+00
0.000000000000000000e+00
0.000000000000000000e+00
0.000000000000000000e+00
0.000000000000000000e+00
0.000000000000000000e+00
0.000000000000000000e+00
0.000000000000000000e+00
0.000000000000000000e+00
0.000000000000000000e+00
0.000000000000000000e+00
0.000000000000000000e+00
0.000000000000000000e+00
0.000000000000000000e+00
0.000000000000000000e+00
0.000000000000000000e+00
0.000000000000000000e+00
0.000000000000000000e+00
0.000000000000000000e+00
0.000000000000000000e+00
0.000000000000000000e+00
0.000000000000000000e+00
0.000000000000000000e+00
0.000000000000000000e+00
0.000000000000000000e+00
0.000000000000000000e+00
0.000000000000000000e+00
0.000000000000000000e+00
0.000000000000000000e+00
0.000000000000000000e+00
0.000000000000000000e+00
0.000000000000000000e+00
0.000000000000000000e+00
0.000000000000000000e+00
0.000000000000000000e+00
0.000000000000000000e+00
0.000000000000000000e+00
0.000000000000000000e+00
0.000000000000000000e+00
0.000000000000000000e+00
0.000000000000000000e+00
0.000000000000000000e+00
0.000000000000000000e+00
0.000000000000000000e+00
0.000000000000000000e+00
0.000000000000000000e+00
0.000000000000000000e+00
0.000000000000000000e+00
0.000000000000000000e+00
0.000000000000000000e+00
0.000000000000000000e+00
0.000000000000000000e+00
0.000000000000000000e+00
0.000000000000000000e+00
0.000000000000000000e+00
0.000000000000000000e+00
0.000000000000000000e+00
0.000000000000000000e+00
0.000000000000000000e+00
0.000000000000000000e+00
0.000000000000000000e+00
0.000000000000000000e+00
0.000000000000000000e+00
0.000000000000000000e+00
0.000000000000000000e+00
0.000000000000000000e+00
0.000000000000000000e+00
0.000000000000000000e+00
0.000000000000000000e+00
0.000000000000000000e+00
0.000000000000000000e+00
0.000000000000000000e+00
0.000000000000000000e+00
0.000000000000000000e+00
0.000000000000000000e+00
0.000000000000000000e+00
0.000000000000000000e+00
0.000000000000000000e+00
0.000000000000000000e+00
0.000000000000000000e+00
0.000000000000000000e+00
0.000000000000000000e+00
0.000000000000000000e+00
0.000000000000000000e+00
0.000000000000000000e+00
0.000000000000000000e+00
0.000000000000000000e+00
0.000000000000000000e+00
0.000000000000000000e+00
0.000000000000000000e+00
0.000000000000000000e+00
0.000000000000000000e+00
0.000000000000000000e+00
0.000000000000000000e+00
0.000000000000000000e+00
0.000000000000000000e+00
0.000000000000000000e+00
0.000000000000000000e+00
0.000000000000000000e+00
0.000000000000000000e+00
0.000000000000000000e+00
0.000000000000000000e+00
0.000000000000000000e+00
0.000000000000000000e+00
0.000000000000000000e+00
0.000000000000000000e+00
0.000000000000000000e+00
0.000000000000000000e+00
0.000000000000000000e+00
0.000000000000000000e+00
0.000000000000000000e+00
0.000000000000000000e+00
0.000000000000000000e+00
0.000000000000000000e+00
0.000000000000000000e+00
0.000000000000000000e+00
0.000000000000000000e+00
0.000000000000000000e+00
0.000000000000000000e+00
0.000000000000000000e+00
0.000000000000000000e+00
0.000000000000000000e+00
0.000000000000000000e+00
0.000000000000000000e+00
0.000000000000000000e+00
0.000000000000000000e+00
0.000000000000000000e+00
0.000000000000000000e+00
0.000000000000000000e+00
0.000000000000000000e+00
0.000000000000000000e+00
0.000000000000000000e+00
0.000000000000000000e+00
0.000000000000000000e+00
0.000000000000000000e+00
0.000000000000000000e+00
0.000000000000000000e+00
0.000000000000000000e+00
0.000000000000000000e+00
0.000000000000000000e+00
0.000000000000000000e+00
0.000000000000000000e+00
0.000000000000000000e+00
0.000000000000000000e+00
0.000000000000000000e+00
0.000000000000000000e+00
0.000000000000000000e+00
0.000000000000000000e+00
0.000000000000000000e+00
0.000000000000000000e+00
0.000000000000000000e+00
0.000000000000000000e+00
0.000000000000000000e+00
0.000000000000000000e+00
0.000000000000000000e+00
0.000000000000000000e+00
0.000000000000000000e+00
0.000000000000000000e+00
0.000000000000000000e+00
0.000000000000000000e+00
0.000000000000000000e+00
0.000000000000000000e+00
0.000000000000000000e+00
0.000000000000000000e+00
0.000000000000000000e+00
0.000000000000000000e+00
0.000000000000000000e+00
0.000000000000000000e+00
0.000000000000000000e+00
0.000000000000000000e+00
0.000000000000000000e+00
0.000000000000000000e+00
0.000000000000000000e+00
0.000000000000000000e+00
0.000000000000000000e+00
0.000000000000000000e+00
0.000000000000000000e+00
0.000000000000000000e+00
0.000000000000000000e+00
0.000000000000000000e+00
0.000000000000000000e+00
0.000000000000000000e+00
0.000000000000000000e+00
0.000000000000000000e+00
0.000000000000000000e+00
0.000000000000000000e+00
0.000000000000000000e+00
0.000000000000000000e+00
0.000000000000000000e+00
0.000000000000000000e+00
0.000000000000000000e+00
0.000000000000000000e+00
0.000000000000000000e+00
0.000000000000000000e+00
0.000000000000000000e+00
0.000000000000000000e+00
0.000000000000000000e+00
0.000000000000000000e+00
0.000000000000000000e+00
0.000000000000000000e+00
0.000000000000000000e+00
0.000000000000000000e+00
0.000000000000000000e+00
0.000000000000000000e+00
0.000000000000000000e+00
0.000000000000000000e+00
0.000000000000000000e+00
0.000000000000000000e+00
0.000000000000000000e+00
0.000000000000000000e+00
0.000000000000000000e+00
0.000000000000000000e+00
0.000000000000000000e+00
0.000000000000000000e+00
0.000000000000000000e+00
0.000000000000000000e+00
0.000000000000000000e+00
0.000000000000000000e+00
0.000000000000000000e+00
0.000000000000000000e+00
0.000000000000000000e+00
0.000000000000000000e+00
0.000000000000000000e+00
0.000000000000000000e+00
0.000000000000000000e+00
0.000000000000000000e+00
0.000000000000000000e+00
0.000000000000000000e+00
0.000000000000000000e+00
0.000000000000000000e+00
0.000000000000000000e+00
0.000000000000000000e+00
0.000000000000000000e+00
0.000000000000000000e+00
0.000000000000000000e+00
0.000000000000000000e+00
0.000000000000000000e+00
0.000000000000000000e+00
0.000000000000000000e+00
0.000000000000000000e+00
0.000000000000000000e+00
0.000000000000000000e+00
0.000000000000000000e+00
0.000000000000000000e+00
0.000000000000000000e+00
0.000000000000000000e+00
0.000000000000000000e+00
0.000000000000000000e+00
0.000000000000000000e+00
0.000000000000000000e+00
0.000000000000000000e+00
0.000000000000000000e+00
0.000000000000000000e+00
0.000000000000000000e+00
0.000000000000000000e+00
0.000000000000000000e+00
0.000000000000000000e+00
0.000000000000000000e+00
0.000000000000000000e+00
0.000000000000000000e+00
0.000000000000000000e+00
0.000000000000000000e+00
0.000000000000000000e+00
0.000000000000000000e+00
0.000000000000000000e+00
0.000000000000000000e+00
0.000000000000000000e+00
0.000000000000000000e+00
0.000000000000000000e+00
0.000000000000000000e+00
0.000000000000000000e+00
0.000000000000000000e+00
0.000000000000000000e+00
0.000000000000000000e+00
0.000000000000000000e+00
0.000000000000000000e+00
0.000000000000000000e+00
0.000000000000000000e+00
0.000000000000000000e+00
0.000000000000000000e+00
0.000000000000000000e+00
0.000000000000000000e+00
0.000000000000000000e+00
0.000000000000000000e+00
0.000000000000000000e+00
0.000000000000000000e+00
0.000000000000000000e+00
0.000000000000000000e+00
0.000000000000000000e+00
0.000000000000000000e+00
0.000000000000000000e+00
0.000000000000000000e+00
0.000000000000000000e+00
0.000000000000000000e+00
0.000000000000000000e+00
0.000000000000000000e+00
0.000000000000000000e+00
0.000000000000000000e+00
0.000000000000000000e+00
0.000000000000000000e+00
0.000000000000000000e+00
0.000000000000000000e+00
0.000000000000000000e+00
0.000000000000000000e+00
0.000000000000000000e+00
0.000000000000000000e+00
0.000000000000000000e+00
0.000000000000000000e+00
0.000000000000000000e+00
0.000000000000000000e+00
0.000000000000000000e+00
0.000000000000000000e+00
0.000000000000000000e+00
0.000000000000000000e+00
0.000000000000000000e+00
0.000000000000000000e+00
0.000000000000000000e+00
0.000000000000000000e+00
0.000000000000000000e+00
0.000000000000000000e+00
0.000000000000000000e+00
0.000000000000000000e+00
0.000000000000000000e+00
0.000000000000000000e+00
0.000000000000000000e+00
0.000000000000000000e+00
0.000000000000000000e+00
0.000000000000000000e+00
0.000000000000000000e+00
0.000000000000000000e+00
0.000000000000000000e+00
0.000000000000000000e+00
0.000000000000000000e+00
0.000000000000000000e+00
0.000000000000000000e+00
0.000000000000000000e+00
0.000000000000000000e+00
0.000000000000000000e+00
0.000000000000000000e+00
0.000000000000000000e+00
0.000000000000000000e+00
0.000000000000000000e+00
0.000000000000000000e+00
0.000000000000000000e+00
0.000000000000000000e+00
0.000000000000000000e+00
0.000000000000000000e+00
0.000000000000000000e+00
0.000000000000000000e+00
0.000000000000000000e+00
0.000000000000000000e+00
0.000000000000000000e+00
0.000000000000000000e+00
0.000000000000000000e+00
0.000000000000000000e+00
0.000000000000000000e+00
0.000000000000000000e+00
0.000000000000000000e+00
0.000000000000000000e+00
0.000000000000000000e+00
0.000000000000000000e+00
0.000000000000000000e+00
0.000000000000000000e+00
0.000000000000000000e+00
0.000000000000000000e+00
0.000000000000000000e+00
0.000000000000000000e+00
0.000000000000000000e+00
0.000000000000000000e+00
0.000000000000000000e+00
0.000000000000000000e+00
0.000000000000000000e+00
0.000000000000000000e+00
0.000000000000000000e+00
0.000000000000000000e+00
0.000000000000000000e+00
0.000000000000000000e+00
0.000000000000000000e+00
0.000000000000000000e+00
0.000000000000000000e+00
0.000000000000000000e+00
0.000000000000000000e+00
0.000000000000000000e+00
0.000000000000000000e+00
0.000000000000000000e+00
0.000000000000000000e+00
0.000000000000000000e+00
0.000000000000000000e+00
0.000000000000000000e+00
0.000000000000000000e+00
0.000000000000000000e+00
0.000000000000000000e+00
0.000000000000000000e+00
0.000000000000000000e+00
0.000000000000000000e+00
0.000000000000000000e+00
0.000000000000000000e+00
0.000000000000000000e+00
0.000000000000000000e+00
0.000000000000000000e+00
0.000000000000000000e+00
0.000000000000000000e+00
0.000000000000000000e+00
0.000000000000000000e+00
0.000000000000000000e+00
0.000000000000000000e+00
0.000000000000000000e+00
0.000000000000000000e+00
0.000000000000000000e+00
0.000000000000000000e+00
0.000000000000000000e+00
0.000000000000000000e+00
0.000000000000000000e+00
0.000000000000000000e+00
0.000000000000000000e+00
0.000000000000000000e+00
0.000000000000000000e+00
0.000000000000000000e+00
0.000000000000000000e+00
0.000000000000000000e+00
0.000000000000000000e+00
0.000000000000000000e+00
0.000000000000000000e+00
0.000000000000000000e+00
0.000000000000000000e+00
0.000000000000000000e+00
0.000000000000000000e+00
0.000000000000000000e+00
0.000000000000000000e+00
0.000000000000000000e+00
0.000000000000000000e+00
0.000000000000000000e+00
0.000000000000000000e+00
0.000000000000000000e+00
0.000000000000000000e+00
0.000000000000000000e+00
0.000000000000000000e+00
0.000000000000000000e+00
0.000000000000000000e+00
0.000000000000000000e+00
0.000000000000000000e+00
0.000000000000000000e+00
0.000000000000000000e+00
0.000000000000000000e+00
0.000000000000000000e+00
0.000000000000000000e+00
0.000000000000000000e+00
0.000000000000000000e+00
0.000000000000000000e+00
0.000000000000000000e+00
0.000000000000000000e+00
0.000000000000000000e+00
0.000000000000000000e+00
0.000000000000000000e+00
0.000000000000000000e+00
0.000000000000000000e+00
0.000000000000000000e+00
0.000000000000000000e+00
0.000000000000000000e+00
0.000000000000000000e+00
0.000000000000000000e+00
0.000000000000000000e+00
0.000000000000000000e+00
0.000000000000000000e+00
0.000000000000000000e+00
0.000000000000000000e+00
0.000000000000000000e+00
0.000000000000000000e+00
0.000000000000000000e+00
0.000000000000000000e+00
0.000000000000000000e+00
0.000000000000000000e+00
0.000000000000000000e+00
0.000000000000000000e+00
0.000000000000000000e+00
0.000000000000000000e+00
0.000000000000000000e+00
0.000000000000000000e+00
0.000000000000000000e+00
0.000000000000000000e+00
0.000000000000000000e+00
0.000000000000000000e+00
0.000000000000000000e+00
0.000000000000000000e+00
0.000000000000000000e+00
0.000000000000000000e+00
0.000000000000000000e+00
0.000000000000000000e+00
0.000000000000000000e+00
0.000000000000000000e+00
0.000000000000000000e+00
0.000000000000000000e+00
0.000000000000000000e+00
0.000000000000000000e+00
0.000000000000000000e+00
0.000000000000000000e+00
0.000000000000000000e+00
0.000000000000000000e+00
0.000000000000000000e+00
0.000000000000000000e+00
0.000000000000000000e+00
0.000000000000000000e+00
0.000000000000000000e+00
0.000000000000000000e+00
0.000000000000000000e+00
0.000000000000000000e+00
0.000000000000000000e+00
0.000000000000000000e+00
0.000000000000000000e+00
0.000000000000000000e+00
0.000000000000000000e+00
0.000000000000000000e+00
0.000000000000000000e+00
0.000000000000000000e+00
0.000000000000000000e+00
0.000000000000000000e+00
0.000000000000000000e+00
0.000000000000000000e+00
0.000000000000000000e+00
0.000000000000000000e+00
0.000000000000000000e+00
0.000000000000000000e+00
0.000000000000000000e+00
0.000000000000000000e+00
0.000000000000000000e+00
0.000000000000000000e+00
0.000000000000000000e+00
0.000000000000000000e+00
0.000000000000000000e+00
0.000000000000000000e+00
0.000000000000000000e+00
0.000000000000000000e+00
0.000000000000000000e+00
0.000000000000000000e+00
0.000000000000000000e+00
0.000000000000000000e+00
0.000000000000000000e+00
0.000000000000000000e+00
0.000000000000000000e+00
0.000000000000000000e+00
0.000000000000000000e+00
0.000000000000000000e+00
0.000000000000000000e+00
0.000000000000000000e+00
0.000000000000000000e+00
0.000000000000000000e+00
0.000000000000000000e+00
0.000000000000000000e+00
0.000000000000000000e+00
0.000000000000000000e+00
0.000000000000000000e+00
0.000000000000000000e+00
0.000000000000000000e+00
0.000000000000000000e+00
0.000000000000000000e+00
0.000000000000000000e+00
0.000000000000000000e+00
0.000000000000000000e+00
0.000000000000000000e+00
0.000000000000000000e+00
0.000000000000000000e+00
0.000000000000000000e+00
0.000000000000000000e+00
0.000000000000000000e+00
0.000000000000000000e+00
0.000000000000000000e+00
0.000000000000000000e+00
0.000000000000000000e+00
0.000000000000000000e+00
0.000000000000000000e+00
0.000000000000000000e+00
0.000000000000000000e+00
0.000000000000000000e+00
0.000000000000000000e+00
0.000000000000000000e+00
0.000000000000000000e+00
0.000000000000000000e+00
0.000000000000000000e+00
0.000000000000000000e+00
0.000000000000000000e+00
0.000000000000000000e+00
0.000000000000000000e+00
0.000000000000000000e+00
0.000000000000000000e+00
0.000000000000000000e+00
0.000000000000000000e+00
0.000000000000000000e+00
0.000000000000000000e+00
0.000000000000000000e+00
0.000000000000000000e+00
0.000000000000000000e+00
0.000000000000000000e+00
0.000000000000000000e+00
0.000000000000000000e+00
0.000000000000000000e+00
0.000000000000000000e+00
0.000000000000000000e+00
0.000000000000000000e+00
0.000000000000000000e+00
0.000000000000000000e+00
0.000000000000000000e+00
0.000000000000000000e+00
0.000000000000000000e+00
0.000000000000000000e+00
0.000000000000000000e+00
0.000000000000000000e+00
0.000000000000000000e+00
0.000000000000000000e+00
0.000000000000000000e+00
0.000000000000000000e+00
0.000000000000000000e+00
0.000000000000000000e+00
0.000000000000000000e+00
0.000000000000000000e+00
0.000000000000000000e+00
0.000000000000000000e+00
0.000000000000000000e+00
0.000000000000000000e+00
0.000000000000000000e+00
0.000000000000000000e+00
0.000000000000000000e+00
0.000000000000000000e+00
0.000000000000000000e+00
0.000000000000000000e+00
0.000000000000000000e+00
0.000000000000000000e+00
0.000000000000000000e+00
0.000000000000000000e+00
0.000000000000000000e+00
0.000000000000000000e+00
0.000000000000000000e+00
0.000000000000000000e+00
0.000000000000000000e+00
0.000000000000000000e+00
0.000000000000000000e+00
0.000000000000000000e+00
0.000000000000000000e+00
0.000000000000000000e+00
0.000000000000000000e+00
0.000000000000000000e+00
0.000000000000000000e+00
0.000000000000000000e+00
0.000000000000000000e+00
0.000000000000000000e+00
0.000000000000000000e+00
0.000000000000000000e+00
0.000000000000000000e+00
0.000000000000000000e+00
0.000000000000000000e+00
0.000000000000000000e+00
0.000000000000000000e+00
0.000000000000000000e+00
0.000000000000000000e+00
0.000000000000000000e+00
0.000000000000000000e+00
0.000000000000000000e+00
0.000000000000000000e+00
0.000000000000000000e+00
0.000000000000000000e+00
0.000000000000000000e+00
0.000000000000000000e+00
0.000000000000000000e+00
0.000000000000000000e+00
0.000000000000000000e+00
0.000000000000000000e+00
0.000000000000000000e+00
0.000000000000000000e+00
0.000000000000000000e+00
0.000000000000000000e+00
0.000000000000000000e+00
0.000000000000000000e+00
0.000000000000000000e+00
0.000000000000000000e+00
0.000000000000000000e+00
0.000000000000000000e+00
0.000000000000000000e+00
0.000000000000000000e+00
0.000000000000000000e+00
0.000000000000000000e+00
0.000000000000000000e+00
0.000000000000000000e+00
0.000000000000000000e+00
0.000000000000000000e+00
0.000000000000000000e+00
0.000000000000000000e+00
0.000000000000000000e+00
0.000000000000000000e+00
0.000000000000000000e+00
0.000000000000000000e+00
0.000000000000000000e+00
0.000000000000000000e+00
0.000000000000000000e+00
0.000000000000000000e+00
0.000000000000000000e+00
0.000000000000000000e+00
0.000000000000000000e+00
0.000000000000000000e+00
0.000000000000000000e+00
0.000000000000000000e+00
0.000000000000000000e+00
0.000000000000000000e+00
0.000000000000000000e+00
0.000000000000000000e+00
0.000000000000000000e+00
0.000000000000000000e+00
0.000000000000000000e+00
0.000000000000000000e+00
0.000000000000000000e+00
0.000000000000000000e+00
0.000000000000000000e+00
0.000000000000000000e+00
0.000000000000000000e+00
0.000000000000000000e+00
0.000000000000000000e+00
0.000000000000000000e+00
0.000000000000000000e+00
0.000000000000000000e+00
0.000000000000000000e+00
0.000000000000000000e+00
0.000000000000000000e+00
0.000000000000000000e+00
0.000000000000000000e+00
0.000000000000000000e+00
0.000000000000000000e+00
0.000000000000000000e+00
0.000000000000000000e+00
0.000000000000000000e+00
0.000000000000000000e+00
0.000000000000000000e+00
0.000000000000000000e+00
0.000000000000000000e+00
0.000000000000000000e+00
0.000000000000000000e+00
0.000000000000000000e+00
0.000000000000000000e+00
0.000000000000000000e+00
0.000000000000000000e+00
0.000000000000000000e+00
0.000000000000000000e+00
0.000000000000000000e+00
0.000000000000000000e+00
0.000000000000000000e+00
0.000000000000000000e+00
0.000000000000000000e+00
0.000000000000000000e+00
0.000000000000000000e+00
0.000000000000000000e+00
0.000000000000000000e+00
0.000000000000000000e+00
0.000000000000000000e+00
0.000000000000000000e+00
0.000000000000000000e+00
0.000000000000000000e+00
0.000000000000000000e+00
0.000000000000000000e+00
0.000000000000000000e+00
0.000000000000000000e+00
0.000000000000000000e+00
0.000000000000000000e+00
0.000000000000000000e+00
0.000000000000000000e+00
0.000000000000000000e+00
0.000000000000000000e+00
0.000000000000000000e+00
0.000000000000000000e+00
0.000000000000000000e+00
0.000000000000000000e+00
0.000000000000000000e+00
0.000000000000000000e+00
0.000000000000000000e+00
0.000000000000000000e+00
0.000000000000000000e+00
0.000000000000000000e+00
0.000000000000000000e+00
0.000000000000000000e+00
0.000000000000000000e+00
0.000000000000000000e+00
0.000000000000000000e+00
0.000000000000000000e+00
0.000000000000000000e+00
0.000000000000000000e+00
0.000000000000000000e+00
0.000000000000000000e+00
0.000000000000000000e+00
0.000000000000000000e+00
0.000000000000000000e+00
0.000000000000000000e+00
0.000000000000000000e+00
0.000000000000000000e+00
0.000000000000000000e+00
0.000000000000000000e+00
0.000000000000000000e+00
0.000000000000000000e+00
0.000000000000000000e+00
0.000000000000000000e+00
0.000000000000000000e+00
0.000000000000000000e+00
0.000000000000000000e+00
0.000000000000000000e+00
0.000000000000000000e+00
0.000000000000000000e+00
0.000000000000000000e+00
0.000000000000000000e+00
0.000000000000000000e+00
0.000000000000000000e+00
0.000000000000000000e+00
0.000000000000000000e+00
0.000000000000000000e+00
0.000000000000000000e+00
0.000000000000000000e+00
0.000000000000000000e+00
0.000000000000000000e+00
0.000000000000000000e+00
0.000000000000000000e+00
0.000000000000000000e+00
0.000000000000000000e+00
0.000000000000000000e+00
0.000000000000000000e+00
0.000000000000000000e+00
0.000000000000000000e+00
0.000000000000000000e+00
0.000000000000000000e+00
0.000000000000000000e+00
0.000000000000000000e+00
0.000000000000000000e+00
0.000000000000000000e+00
0.000000000000000000e+00
0.000000000000000000e+00
0.000000000000000000e+00
0.000000000000000000e+00
0.000000000000000000e+00
0.000000000000000000e+00
0.000000000000000000e+00
0.000000000000000000e+00
0.000000000000000000e+00
0.000000000000000000e+00
0.000000000000000000e+00
0.000000000000000000e+00
0.000000000000000000e+00
0.000000000000000000e+00
0.000000000000000000e+00
0.000000000000000000e+00
0.000000000000000000e+00
0.000000000000000000e+00
0.000000000000000000e+00
0.000000000000000000e+00
0.000000000000000000e+00
0.000000000000000000e+00
0.000000000000000000e+00
0.000000000000000000e+00
0.000000000000000000e+00
0.000000000000000000e+00
0.000000000000000000e+00
0.000000000000000000e+00
0.000000000000000000e+00
0.000000000000000000e+00
0.000000000000000000e+00
0.000000000000000000e+00
0.000000000000000000e+00
0.000000000000000000e+00
0.000000000000000000e+00
0.000000000000000000e+00
0.000000000000000000e+00
0.000000000000000000e+00
0.000000000000000000e+00
0.000000000000000000e+00
0.000000000000000000e+00
0.000000000000000000e+00
0.000000000000000000e+00
0.000000000000000000e+00
0.000000000000000000e+00
0.000000000000000000e+00
0.000000000000000000e+00
0.000000000000000000e+00
0.000000000000000000e+00
0.000000000000000000e+00
0.000000000000000000e+00
0.000000000000000000e+00
0.000000000000000000e+00
0.000000000000000000e+00
0.000000000000000000e+00
0.000000000000000000e+00
0.000000000000000000e+00
0.000000000000000000e+00
0.000000000000000000e+00
0.000000000000000000e+00
0.000000000000000000e+00
0.000000000000000000e+00
0.000000000000000000e+00
0.000000000000000000e+00
0.000000000000000000e+00
0.000000000000000000e+00
0.000000000000000000e+00
0.000000000000000000e+00
0.000000000000000000e+00
0.000000000000000000e+00
0.000000000000000000e+00
0.000000000000000000e+00
0.000000000000000000e+00
0.000000000000000000e+00
0.000000000000000000e+00
0.000000000000000000e+00
0.000000000000000000e+00
0.000000000000000000e+00
0.000000000000000000e+00
0.000000000000000000e+00
0.000000000000000000e+00
0.000000000000000000e+00
0.000000000000000000e+00
0.000000000000000000e+00
0.000000000000000000e+00
0.000000000000000000e+00
0.000000000000000000e+00
0.000000000000000000e+00
0.000000000000000000e+00
0.000000000000000000e+00
0.000000000000000000e+00
0.000000000000000000e+00
0.000000000000000000e+00
0.000000000000000000e+00
0.000000000000000000e+00
0.000000000000000000e+00
0.000000000000000000e+00
0.000000000000000000e+00
0.000000000000000000e+00
0.000000000000000000e+00
0.000000000000000000e+00
0.000000000000000000e+00
0.000000000000000000e+00
0.000000000000000000e+00
0.000000000000000000e+00
0.000000000000000000e+00
0.000000000000000000e+00
0.000000000000000000e+00
0.000000000000000000e+00
0.000000000000000000e+00
0.000000000000000000e+00
0.000000000000000000e+00
0.000000000000000000e+00
0.000000000000000000e+00
0.000000000000000000e+00
0.000000000000000000e+00
0.000000000000000000e+00
0.000000000000000000e+00
0.000000000000000000e+00
0.000000000000000000e+00
0.000000000000000000e+00
0.000000000000000000e+00
0.000000000000000000e+00
0.000000000000000000e+00
0.000000000000000000e+00
0.000000000000000000e+00
0.000000000000000000e+00
0.000000000000000000e+00
0.000000000000000000e+00
0.000000000000000000e+00
0.000000000000000000e+00
0.000000000000000000e+00
0.000000000000000000e+00
0.000000000000000000e+00
0.000000000000000000e+00
0.000000000000000000e+00
0.000000000000000000e+00
0.000000000000000000e+00
0.000000000000000000e+00
0.000000000000000000e+00
0.000000000000000000e+00
0.000000000000000000e+00
0.000000000000000000e+00
0.000000000000000000e+00
0.000000000000000000e+00
0.000000000000000000e+00
0.000000000000000000e+00
0.000000000000000000e+00
0.000000000000000000e+00
0.000000000000000000e+00
0.000000000000000000e+00
0.000000000000000000e+00
0.000000000000000000e+00
0.000000000000000000e+00
0.000000000000000000e+00
0.000000000000000000e+00
0.000000000000000000e+00
0.000000000000000000e+00
0.000000000000000000e+00
0.000000000000000000e+00
0.000000000000000000e+00
0.000000000000000000e+00
0.000000000000000000e+00
0.000000000000000000e+00
0.000000000000000000e+00
0.000000000000000000e+00
0.000000000000000000e+00
0.000000000000000000e+00
0.000000000000000000e+00
0.000000000000000000e+00
0.000000000000000000e+00
0.000000000000000000e+00
0.000000000000000000e+00
0.000000000000000000e+00
0.000000000000000000e+00
0.000000000000000000e+00
0.000000000000000000e+00
0.000000000000000000e+00
0.000000000000000000e+00
0.000000000000000000e+00
0.000000000000000000e+00
0.000000000000000000e+00
0.000000000000000000e+00
0.000000000000000000e+00
0.000000000000000000e+00
0.000000000000000000e+00
0.000000000000000000e+00
0.000000000000000000e+00
0.000000000000000000e+00
0.000000000000000000e+00
0.000000000000000000e+00
0.000000000000000000e+00
0.000000000000000000e+00
0.000000000000000000e+00
0.000000000000000000e+00
0.000000000000000000e+00
0.000000000000000000e+00
0.000000000000000000e+00
0.000000000000000000e+00
0.000000000000000000e+00
0.000000000000000000e+00
0.000000000000000000e+00
0.000000000000000000e+00
0.000000000000000000e+00
0.000000000000000000e+00
0.000000000000000000e+00
0.000000000000000000e+00
0.000000000000000000e+00
0.000000000000000000e+00
0.000000000000000000e+00
0.000000000000000000e+00
0.000000000000000000e+00
0.000000000000000000e+00
0.000000000000000000e+00
0.000000000000000000e+00
0.000000000000000000e+00
0.000000000000000000e+00
0.000000000000000000e+00
0.000000000000000000e+00
0.000000000000000000e+00
0.000000000000000000e+00
0.000000000000000000e+00
0.000000000000000000e+00
0.000000000000000000e+00
0.000000000000000000e+00
0.000000000000000000e+00
0.000000000000000000e+00
0.000000000000000000e+00
0.000000000000000000e+00
0.000000000000000000e+00
0.000000000000000000e+00
0.000000000000000000e+00
0.000000000000000000e+00
0.000000000000000000e+00
0.000000000000000000e+00
0.000000000000000000e+00
0.000000000000000000e+00
0.000000000000000000e+00
0.000000000000000000e+00
0.000000000000000000e+00
0.000000000000000000e+00
0.000000000000000000e+00
0.000000000000000000e+00
0.000000000000000000e+00
0.000000000000000000e+00
0.000000000000000000e+00
0.000000000000000000e+00
0.000000000000000000e+00
0.000000000000000000e+00
0.000000000000000000e+00
0.000000000000000000e+00
0.000000000000000000e+00
0.000000000000000000e+00
0.000000000000000000e+00
0.000000000000000000e+00
0.000000000000000000e+00
0.000000000000000000e+00
0.000000000000000000e+00
0.000000000000000000e+00
0.000000000000000000e+00
0.000000000000000000e+00
0.000000000000000000e+00
0.000000000000000000e+00
0.000000000000000000e+00
0.000000000000000000e+00
0.000000000000000000e+00
0.000000000000000000e+00
0.000000000000000000e+00
0.000000000000000000e+00
0.000000000000000000e+00
0.000000000000000000e+00
0.000000000000000000e+00
0.000000000000000000e+00
0.000000000000000000e+00
0.000000000000000000e+00
0.000000000000000000e+00
0.000000000000000000e+00
0.000000000000000000e+00
0.000000000000000000e+00
0.000000000000000000e+00
0.000000000000000000e+00
0.000000000000000000e+00
0.000000000000000000e+00
0.000000000000000000e+00
0.000000000000000000e+00
0.000000000000000000e+00
0.000000000000000000e+00
0.000000000000000000e+00
0.000000000000000000e+00
0.000000000000000000e+00
0.000000000000000000e+00
0.000000000000000000e+00
0.000000000000000000e+00
0.000000000000000000e+00
0.000000000000000000e+00
0.000000000000000000e+00
0.000000000000000000e+00
0.000000000000000000e+00
0.000000000000000000e+00
0.000000000000000000e+00
0.000000000000000000e+00
0.000000000000000000e+00
0.000000000000000000e+00
0.000000000000000000e+00
0.000000000000000000e+00
0.000000000000000000e+00
0.000000000000000000e+00
0.000000000000000000e+00
0.000000000000000000e+00
0.000000000000000000e+00
0.000000000000000000e+00
0.000000000000000000e+00
0.000000000000000000e+00
0.000000000000000000e+00
0.000000000000000000e+00
0.000000000000000000e+00
0.000000000000000000e+00
0.000000000000000000e+00
0.000000000000000000e+00
0.000000000000000000e+00
0.000000000000000000e+00
0.000000000000000000e+00
0.000000000000000000e+00
0.000000000000000000e+00
0.000000000000000000e+00
0.000000000000000000e+00
0.000000000000000000e+00
0.000000000000000000e+00
0.000000000000000000e+00
0.000000000000000000e+00
0.000000000000000000e+00
0.000000000000000000e+00
0.000000000000000000e+00
0.000000000000000000e+00
0.000000000000000000e+00
0.000000000000000000e+00
0.000000000000000000e+00
0.000000000000000000e+00
0.000000000000000000e+00
0.000000000000000000e+00
0.000000000000000000e+00
0.000000000000000000e+00
0.000000000000000000e+00
0.000000000000000000e+00
0.000000000000000000e+00
0.000000000000000000e+00
0.000000000000000000e+00
0.000000000000000000e+00
0.000000000000000000e+00
0.000000000000000000e+00
0.000000000000000000e+00
0.000000000000000000e+00
0.000000000000000000e+00
0.000000000000000000e+00
0.000000000000000000e+00
0.000000000000000000e+00
0.000000000000000000e+00
0.000000000000000000e+00
0.000000000000000000e+00
0.000000000000000000e+00
0.000000000000000000e+00
0.000000000000000000e+00
0.000000000000000000e+00
0.000000000000000000e+00
0.000000000000000000e+00
0.000000000000000000e+00
0.000000000000000000e+00
0.000000000000000000e+00
0.000000000000000000e+00
0.000000000000000000e+00
0.000000000000000000e+00
0.000000000000000000e+00
0.000000000000000000e+00
0.000000000000000000e+00
0.000000000000000000e+00
0.000000000000000000e+00
0.000000000000000000e+00
0.000000000000000000e+00
0.000000000000000000e+00
0.000000000000000000e+00
0.000000000000000000e+00
0.000000000000000000e+00
0.000000000000000000e+00
0.000000000000000000e+00
0.000000000000000000e+00
0.000000000000000000e+00
0.000000000000000000e+00
0.000000000000000000e+00
0.000000000000000000e+00
0.000000000000000000e+00
0.000000000000000000e+00
0.000000000000000000e+00
0.000000000000000000e+00
0.000000000000000000e+00
0.000000000000000000e+00
0.000000000000000000e+00
0.000000000000000000e+00
0.000000000000000000e+00
0.000000000000000000e+00
0.000000000000000000e+00
0.000000000000000000e+00
0.000000000000000000e+00
0.000000000000000000e+00
0.000000000000000000e+00
0.000000000000000000e+00
0.000000000000000000e+00
0.000000000000000000e+00
0.000000000000000000e+00
0.000000000000000000e+00
0.000000000000000000e+00
0.000000000000000000e+00
0.000000000000000000e+00
0.000000000000000000e+00
0.000000000000000000e+00
0.000000000000000000e+00
0.000000000000000000e+00
0.000000000000000000e+00
0.000000000000000000e+00
0.000000000000000000e+00
0.000000000000000000e+00
0.000000000000000000e+00
0.000000000000000000e+00
0.000000000000000000e+00
0.000000000000000000e+00
0.000000000000000000e+00
0.000000000000000000e+00
0.000000000000000000e+00
0.000000000000000000e+00
0.000000000000000000e+00
0.000000000000000000e+00
0.000000000000000000e+00
0.000000000000000000e+00
0.000000000000000000e+00
0.000000000000000000e+00
0.000000000000000000e+00
0.000000000000000000e+00
0.000000000000000000e+00
0.000000000000000000e+00
0.000000000000000000e+00
0.000000000000000000e+00
0.000000000000000000e+00
0.000000000000000000e+00
0.000000000000000000e+00
0.000000000000000000e+00
0.000000000000000000e+00
0.000000000000000000e+00
0.000000000000000000e+00
0.000000000000000000e+00
0.000000000000000000e+00
0.000000000000000000e+00
0.000000000000000000e+00
0.000000000000000000e+00
0.000000000000000000e+00
0.000000000000000000e+00
0.000000000000000000e+00
0.000000000000000000e+00
